sample	Chromosome	Start.bp	End.bp	n_probes	length	seg_sigma	W	copy_ratio	modal_cn	expected_cn	subclonal	cancer_cell_frac	ccf_ci95_low	ccf_ci95_high	hz
SRP055730	1	12679	677044	19	664365	0.02868	0.00024	0.41507	2	2	0	1	1	1	0
SRP055730	1	895361	3978174	79	3082813	0.01406	0.00112	0.81883	5	5	1	0.67	0.42433	0.89481	0
SRP055730	1	4269050	5986243	11	1717193	0.03769	0.00063	0.56387	3	3	0	1	1	1	0
SRP055730	1	6024879	8828677	58	2803798	0.01641	0.00102	0.86067	5	5	0	0.97	0.68267	1	0
SRP055730	1	8883965	10520454	52	1636489	0.01733	6e-04	1.07821	7	6.94296	1	0.53	0.26734	0.7883	0
SRP055730	1	10985664	11389413	27	403749	0.02406	0.00015	0.98571	6	6	1	0.87	0.54058	0.98871	0
SRP055730	1	11652238	13989398	137	2337160	0.01068	0.00085	0.53047	3	3	1	0.59	0.37404	0.80161	0
SRP055730	1	14055203	15413928	12	1358725	0.03608	5e-04	0.38107	2	1.79289	1	0.48	0.11238	0.85628	0
SRP055730	1	15468015	16250227	33	782212	0.02176	0.00029	0.57556	3	3	0	1	1	1	0
SRP055730	1	16255333	16438552	16	183219	0.03125	7e-05	0.45023	2	2	0	1	1	1	0
SRP055730	1	16469349	16823688	10	354339	0.03953	0.00013	0.56724	3	3	0	1	1	1	0
SRP055730	1	16869527	17197897	42	328370	0.01929	0.00012	0.41369	2	2	0	0.25	0.03792	0.51944	0
SRP055730	1	17229086	17831385	20	602299	0.02795	0.00022	0.52863	3	2.98777	1	0.58	0.24017	0.89354	0
SRP055730	1	17931748	19494385	34	1562637	0.02144	0.00057	0.38002	2	1.81514	1	0.49	0.19619	0.77343	0
SRP055730	1	19499083	20427106	27	928023	0.02406	0.00034	0.51722	2	2.25322	1	0.5	0.18719	0.79913	0
SRP055730	1	20831659	24550910	117	3719251	0.01156	0.00136	0.50939	2	2.00007	1	0.44	0.21638	0.65639	0
SRP055730	1	24818586	28562058	117	3743472	0.01156	0.00137	0.5568	3	3	1	0.78	0.55616	0.96428	0
SRP055730	1	28592248	29069779	18	477531	0.02946	0.00017	0.78308	4	4.00125	1	0.41	0.09023	0.7511	0
SRP055730	1	29128027	29621477	13	493450	0.03467	0.00018	0.5778	3	3	0	1	1	1	0
SRP055730	1	29641959	31349875	11	1707916	0.03769	0.00062	0.32449	1	1	0	1	1	1	0
SRP055730	1	32073703	32257930	12	184227	0.03608	7e-05	0.38658	2	1.95917	1	0.44	0.08863	0.82332	0
SRP055730	1	32273300	32919148	25	645848	0.025	0.00024	0.5776	3	3	0	1	1	1	0
SRP055730	1	33147943	33738766	19	590823	0.02868	0.00022	0.55476	3	3	0	0.77	0.41535	0.97694	0
SRP055730	1	33779357	35407547	28	1628190	0.02362	0.00059	0.36227	1	1.00011	1	0.62	0.30658	0.90208	0
SRP055730	1	35453570	36936314	68	1482744	0.01516	0.00054	0.55792	3	3	0	0.79	0.53767	0.97296	0
SRP055730	1	37915119	38486325	29	571206	0.02321	0.00021	0.55288	3	3	0	0.75	0.44347	0.97048	0
SRP055730	1	39634026	41602653	91	1968627	0.0131	0.00072	0.5006	2	2	1	0.38	0.14411	0.60415	0
SRP055730	1	41690762	42525615	10	834853	0.03953	3e-04	0.34086	1	1.00004	0	1	1	1	0
SRP055730	1	42637388	47652861	200	5015473	0.00884	0.00183	0.49217	2	2	1	0.32	0.11415	0.51347	0
SRP055730	1	47991894	50783632	28	2791738	0.02362	0.00102	0.35405	1	1	1	0.68	0.36482	0.94023	0
SRP055730	1	50874969	53482770	80	2607801	0.01398	0.00095	0.54229	3	3	1	0.68	0.43568	0.90356	0
SRP055730	1	53521798	54149053	13	627255	0.03467	0.00023	0.38645	2	1.96363	1	0.44	0.09325	0.81578	0
SRP055730	1	54248524	55418251	39	1169727	0.02002	0.00043	0.50384	2	2.00003	1	0.4	0.12433	0.67626	0
SRP055730	1	55483734	62015635	88	6531901	0.01333	0.00238	0.35939	1	1	1	0.64	0.40023	0.86327	0
SRP055730	1	62152816	62705486	17	552670	0.03032	2e-04	0.5966	3	3	0	1	1	1	0
SRP055730	1	62736954	70716061	164	7979107	0.00976	0.00291	0.41504	2	2	1	0.24	0.04999	0.44038	0
SRP055730	1	71174034	75960864	51	4786830	0.0175	0.00175	0.35273	1	1	1	0.69	0.41818	0.92598	0
SRP055730	1	76086762	76381394	15	294632	0.03227	0.00011	0.53937	3	2.9995	1	0.66	0.28428	0.94975	0
SRP055730	1	77578366	78130796	12	552430	0.03608	2e-04	0.44363	2	2	0	1	1	1	0
SRP055730	1	78170155	78553467	25	383312	0.025	0.00014	0.56442	3	3	0	1	1	1	0
SRP055730	1	78614809	82455975	38	3841166	0.02028	0.0014	0.35489	1	1	1	0.67	0.38294	0.92611	0
SRP055730	1	84360345	87525280	97	3164935	0.01269	0.00115	0.41321	2	2	1	0.25	0.04943	0.47471	0
SRP055730	1	89122334	92222073	88	3099739	0.01333	0.00113	0.41918	2	2	0	0.21	0.03251	0.43778	0
SRP055730	1	92482892	104316443	259	11833551	0.00777	0.00432	0.4295	2	2	0	1	1	1	0
SRP055730	1	104452308	108238435	20	3786127	0.02795	0.00138	0.32652	1	1	0	1	1	1	0
SRP055730	1	108299626	109483121	49	1183495	0.01786	0.00043	0.44237	2	2	0	1	1	1	0
SRP055730	1	109500257	109749738	16	249481	0.03125	9e-05	0.60602	3	3	0	1	1	1	0
SRP055730	1	109764442	112315032	99	2550590	0.01256	0.00093	0.4042	2	2	1	0.32	0.09179	0.5377	0
SRP055730	1	112948706	114501594	55	1552888	0.01685	0.00057	0.50903	2	2.00035	1	0.44	0.17776	0.69109	0
SRP055730	1	114947495	115166487	12	218992	0.03608	8e-05	0.54739	3	2.99987	0	0.71	0.31113	0.97013	0
SRP055730	1	115192351	121207066	153	6014715	0.01011	0.00219	0.3904	2	2	1	0.41	0.2001	0.61929	0
SRP055730	1	142633037	149911771	617	7278734	0.00503	0.00266	0.4155	2	2	1	0.23	0.06397	0.40338	0
SRP055730	1	149919309	151649196	108	1729887	0.01203	0.00063	0.57888	3	3	0	1	1	1	0
SRP055730	1	151671731	153514970	102	1843239	0.01238	0.00067	0.39558	2	2	1	0.38	0.14813	0.59818	0
SRP055730	1	153531647	153951567	30	419920	0.02282	0.00015	0.53043	3	2.9991	1	0.59	0.28826	0.87869	0
SRP055730	1	153959166	154121220	13	162054	0.03467	6e-05	0.69831	4	4	0	0.8	0.39938	0.98277	0
SRP055730	1	154136581	155739466	108	1602885	0.01203	0.00058	0.50815	2	2.00002	1	0.43	0.20426	0.65069	0
SRP055730	1	155828004	156775973	57	947969	0.01656	0.00035	0.53419	3	3	1	0.62	0.35951	0.86678	0
SRP055730	1	156799055	160813078	174	4014023	0.00948	0.00146	0.40018	2	2	1	0.34	0.13522	0.54469	0
SRP055730	1	160834148	161384627	35	550479	0.02113	2e-04	0.54716	3	3	1	0.71	0.41914	0.95272	0
SRP055730	1	161448169	162367209	31	919040	0.02245	0.00034	0.39698	2	1.99999	1	0.37	0.08735	0.6596	0
SRP055730	1	162602260	165630971	35	3028711	0.02113	0.00111	0.36182	1	1.00002	1	0.62	0.32748	0.89276	0
SRP055730	1	165801663	173611276	195	7809613	0.00895	0.00285	0.4141	2	2	1	0.24	0.05601	0.44133	0
SRP055730	1	173669631	174200316	21	530685	0.02728	0.00019	0.58202	3	3	0	1	1	1	0
SRP055730	1	174226119	201897058	533	27670939	0.00541	0.0101	0.39489	2	2	1	0.38	0.20068	0.55409	0
SRP055730	1	202115626	212933678	297	10818052	0.00725	0.00395	0.41504	2	2	1	0.24	0.05755	0.42249	0
SRP055730	1	213122868	219960505	100	6837637	0.0125	0.00249	0.34778	1	1	1	0.72	0.48927	0.93053	0
SRP055730	1	220299451	221012786	25	713335	0.025	0.00026	0.43342	2	2	0	1	1	1	0
SRP055730	1	222669948	224193629	52	1523681	0.01733	0.00056	0.4364	2	2	0	1	1	1	0
SRP055730	1	224215399	224645762	14	430363	0.03341	0.00016	0.61078	3	3	0	1	1	1	0
SRP055730	1	224750003	226055912	36	1305909	0.02083	0.00048	0.43895	2	2	0	1	1	1	0
SRP055730	1	226085536	226479809	11	394273	0.03769	0.00014	0.62552	3	3.00002	0	0.28	0.03406	0.6846	0
SRP055730	1	226518133	229451731	72	2933598	0.01473	0.00107	0.41868	2	2	0	0.21	0.03226	0.45155	0
SRP055730	1	229515175	229722291	12	207116	0.03608	8e-05	0.55051	3	2.99995	0	0.74	0.33171	0.97442	0
SRP055730	1	229750731	235143989	100	5393258	0.0125	0.00197	0.41281	2	2	1	0.25	0.05125	0.47613	0
SRP055730	1	235284503	235718472	19	433969	0.02868	0.00016	0.61918	3	3	0	0.23	0.02966	0.57513	0
SRP055730	1	235803311	238051786	101	2248475	0.01244	0.00082	0.44179	2	2	0	1	1	1	0
SRP055730	1	240103883	249220986	214	9117103	0.00854	0.00333	0.43944	2	2	0	1	1	1	0
SRP055730	10	76781	893239	18	816458	0.02946	3e-04	0.35373	1	1.00003	1	0.68	0.32488	0.95353	0
SRP055730	10	3043282	8526453	104	5483171	0.01226	0.002	0.39448	2	2	1	0.39	0.1564	0.60529	0
SRP055730	10	8723922	11632820	18	2908898	0.02946	0.00106	0.2881	1	1	0	1	1	1	0
SRP055730	10	12194583	17127905	102	4933322	0.01238	0.0018	0.43634	2	2	0	1	1	1	0
SRP055730	10	17147349	17639074	13	491725	0.03467	0.00018	0.58941	3	3	0	1	1	1	0
SRP055730	10	17686253	24323229	112	6636976	0.01181	0.00242	0.38391	2	1.99797	1	0.46	0.23448	0.6781	0
SRP055730	10	24505988	27347694	64	2841706	0.01562	0.00104	0.58566	3	3	0	1	1	1	0
SRP055730	10	27359809	27529695	16	169886	0.03125	6e-05	0.82258	5	4.99995	1	0.69	0.32715	0.96125	0
SRP055730	10	27536008	28938749	33	1402741	0.02176	0.00051	0.58384	3	3	0	1	1	1	0
SRP055730	10	29655140	34869405	93	5214265	0.01296	0.0019	0.58065	3	3	0	1	1	1	0
SRP055730	10	35729147	43718532	123	7989385	0.01127	0.00292	0.57285	3	3	0	1	1	1	0
SRP055730	10	44076853	46675094	70	2598241	0.01494	0.00095	0.56724	3	3	0	1	1	1	0
SRP055730	10	46916247	64713933	347	17797686	0.00671	0.00649	0.51725	2	2.21893	1	0.5	0.30696	0.67869	0
SRP055730	10	64884106	65398529	17	514423	0.03032	0.00019	0.63628	3	3.00004	1	0.35	0.06002	0.70321	0
SRP055730	10	65540384	69467015	22	3926631	0.02665	0.00143	0.46276	2	2	0	1	1	1	0
SRP055730	10	69537966	71120106	82	1582140	0.0138	0.00058	0.83482	5	5	1	0.78	0.53983	0.96826	0
SRP055730	10	71140572	71796797	13	656225	0.03467	0.00024	0.51944	2	2.44363	1	0.51	0.14139	0.87424	0
SRP055730	10	71865905	72358323	14	492418	0.03341	0.00018	0.67513	4	3.99565	1	0.63	0.25426	0.94223	0
SRP055730	10	72441997	73550738	23	1108741	0.02606	4e-04	0.47603	2	2	0	1	1	1	0
SRP055730	10	73559865	77005647	123	3445782	0.01127	0.00126	0.67023	4	4	1	0.6	0.37524	0.81102	0
SRP055730	10	77087702	79443813	19	2356111	0.02868	0.00086	0.44299	2	2	0	1	1	1	0
SRP055730	10	79492249	79803730	15	311481	0.03227	0.00011	0.67485	4	3.99661	1	0.63	0.26024	0.93895	0
SRP055730	10	79921038	88003185	84	8082147	0.01364	0.00295	0.49877	2	2	1	0.36	0.12862	0.59476	0
SRP055730	10	88151691	88980200	34	828509	0.02144	3e-04	0.65267	3	3.01801	1	0.47	0.17985	0.75639	0
SRP055730	10	88990561	91526388	78	2535827	0.01415	0.00093	0.50629	2	2.00001	1	0.42	0.17656	0.65238	0
SRP055730	10	91607668	93764475	38	2156807	0.02028	0.00079	0.34691	1	1	1	0.73	0.43938	0.9574	0
SRP055730	10	93772281	94497789	23	725508	0.02606	0.00026	0.5038	2	2.00031	1	0.4	0.09641	0.71872	0
SRP055730	10	94610386	95165304	21	554918	0.02728	2e-04	0.38873	2	1.99603	1	0.43	0.10945	0.75211	0
SRP055730	10	95336835	96124647	36	787812	0.02083	0.00029	0.37551	1	1.17651	1	0.52	0.23187	0.80096	0
SRP055730	10	96400152	98909695	87	2509543	0.0134	0.00092	0.36441	1	1	1	0.6	0.36346	0.82884	0
SRP055730	10	98969287	99462463	25	493176	0.025	0.00018	0.47822	2	2	0	1	1	1	0
SRP055730	10	99507783	101292259	27	1784476	0.02406	0.00065	0.33521	1	1	0	1	1	1	0
SRP055730	10	101404937	105249451	159	3844514	0.00991	0.0014	0.68219	4	4	1	0.68	0.47088	0.88559	0
SRP055730	10	105319765	120661928	242	15342163	0.00804	0.0056	0.50699	2	2	1	0.42	0.22384	0.61436	0
SRP055730	10	120738878	120932547	14	193669	0.03341	7e-05	0.83615	5	5	1	0.79	0.40148	0.98166	0
SRP055730	10	121036001	121691178	25	655177	0.025	0.00024	0.51428	2	2.06385	1	0.48	0.16198	0.78516	0
SRP055730	10	121752087	123534686	22	1782599	0.02665	0.00065	0.3872	2	1.99262	1	0.44	0.12052	0.75851	0
SRP055730	10	123936776	126411504	73	2474728	0.01463	9e-04	0.38878	2	1.99996	1	0.43	0.18051	0.66296	0
SRP055730	10	126646159	129970362	75	3324203	0.01443	0.00121	0.39745	2	2	1	0.36	0.12293	0.59924	0
SRP055730	10	133751018	135506852	52	1755834	0.01733	0.00064	0.42544	2	2	0	1	1	1	0
SRP055730	11	266316	995339	29	729023	0.02321	0.00027	0.79572	4	4.25873	1	0.5	0.1958	0.79687	0
SRP055730	11	1007505	1558686	32	551181	0.0221	2e-04	0.59162	3	3	0	1	1	1	0
SRP055730	11	1746789	3695796	43	1949007	0.01906	0.00071	0.61537	3	3	0	0.2	0.02822	0.47707	0
SRP055730	11	3709406	4152158	18	442752	0.02946	0.00016	0.85319	5	5	1	0.91	0.5365	1	0
SRP055730	11	4194001	5552044	66	1358043	0.01539	5e-04	0.53922	3	3	1	0.66	0.40367	0.89228	0
SRP055730	11	5579827	5738703	11	158876	0.03769	6e-05	0.72283	4	4	0	0.98	0.51777	1	0
SRP055730	11	5753295	9191036	137	3437741	0.01068	0.00125	0.51048	2	2.00016	1	0.45	0.23052	0.65803	0
SRP055730	11	9201820	9708679	19	506859	0.02868	0.00018	0.69826	4	4	0	0.8	0.44488	0.98192	0
SRP055730	11	9747521	10872114	39	1124593	0.02002	0.00041	0.48098	2	2	0	0.24	0.03458	0.51538	0
SRP055730	11	11036446	14292634	52	3256188	0.01733	0.00119	0.36911	1	1.00081	1	0.57	0.30199	0.82236	0
SRP055730	11	14310299	14538409	10	228110	0.03953	8e-05	0.48466	2	2.00003	0	1	1	1	0
SRP055730	11	14603655	15239778	14	636123	0.03341	0.00023	0.35042	1	1.00005	0	0.7	0.31907	0.96558	0
SRP055730	11	15391262	16835077	12	1443815	0.03608	0.00053	0.21524	0	0.00475	1	0.67	0.27401	0.96044	1
SRP055730	11	17084560	17342247	16	257687	0.03125	9e-05	0.42294	2	2	0	1	1	1	0
SRP055730	11	17413650	18046677	19	633027	0.02868	0.00023	0.23605	1	0.74177	1	0.52	0.18372	0.85278	0
SRP055730	11	18052801	18704977	38	652176	0.02028	0.00024	0.36963	1	1.00331	1	0.56	0.27764	0.83801	0
SRP055730	11	18729501	19257739	21	528238	0.02728	0.00019	0.27294	1	1	0	0.26	0.03508	0.59078	0
SRP055730	11	19937626	28331954	94	8394328	0.01289	0.00306	0.30645	1	1	0	1	1	1	0
SRP055730	11	28465629	30877091	13	2411462	0.03467	0.00088	0.20424	0	6e-05	1	0.75	0.35741	0.97668	1
SRP055730	11	30917761	32471461	27	1553700	0.02406	0.00057	0.26717	1	1	1	0.3	0.0497	0.60651	0
SRP055730	11	32560759	33364816	34	804057	0.02144	0.00029	0.3654	1	1.00029	1	0.59	0.29984	0.87269	0
SRP055730	11	33369516	36642514	68	3272998	0.01516	0.00119	0.27203	1	1	1	0.27	0.05124	0.5077	0
SRP055730	11	36752610	43103555	20	6350945	0.02795	0.00232	0.19983	0	0	1	0.79	0.43723	0.97962	1
SRP055730	11	43311254	44120562	25	809308	0.025	3e-04	0.29526	1	1	0	1	1	1	0
SRP055730	11	44150978	45797113	16	1646135	0.03125	6e-04	0.22892	0	0.15826	1	0.58	0.21482	0.90458	1
SRP055730	11	45884311	46452210	16	567899	0.03125	0.00021	0.39448	2	1.9991	1	0.39	0.07177	0.73958	0
SRP055730	11	46514439	47622149	58	1107710	0.01641	4e-04	0.51282	2	2.00741	1	0.47	0.20731	0.71532	0
SRP055730	11	47646172	47894200	20	248028	0.02795	9e-05	0.65794	3	3.31371	1	0.51	0.17449	0.83536	0
SRP055730	11	48030551	57213931	211	9183380	0.00861	0.00335	0.37875	2	1.68539	1	0.5	0.29407	0.69261	0
SRP055730	11	57247744	57665817	21	418073	0.02728	0.00015	0.51664	2	2.20822	1	0.49	0.16377	0.81614	0
SRP055730	11	57761208	59200481	44	1439273	0.01884	0.00053	0.34289	1	1	0	0.76	0.47776	0.96631	0
SRP055730	11	59217950	62313851	137	3095901	0.01068	0.00113	0.48298	2	2	1	0.25	0.05491	0.46082	0
SRP055730	11	62332783	62665485	40	332702	0.01976	0.00012	0.68455	4	4	1	0.7	0.41748	0.94348	0
SRP055730	11	62713338	63342497	21	629159	0.02728	0.00023	0.52469	3	2.93244	1	0.55	0.21736	0.86769	0
SRP055730	11	63624890	67003015	153	3378125	0.01011	0.00123	0.52633	3	2.99989	1	0.56	0.34841	0.76794	0
SRP055730	11	67013093	67178852	10	165759	0.03953	6e-05	0.29026	1	1	0	1	1	1	0
SRP055730	11	67196330	73213765	154	6017435	0.01007	0.0022	0.5766	3	3	0	1	1	1	0
SRP055730	11	73331969	73684014	10	352045	0.03953	0.00013	0.78151	4	4.00575	1	0.4	0.06233	0.80651	0
SRP055730	11	73700671	77108794	91	3408123	0.0131	0.00124	0.53795	3	3	1	0.65	0.41084	0.87029	0
SRP055730	11	77223588	77860314	21	636726	0.02728	0.00023	0.70556	4	4	0	0.85	0.50224	0.98746	0
SRP055730	11	77901252	86605025	114	8703773	0.01171	0.00318	0.50123	2	2	1	0.38	0.15755	0.59867	0
SRP055730	11	86937536	89770475	79	2832939	0.01406	0.00103	0.47157	2	2	0	1	1	1	0
SRP055730	11	89876188	93372997	51	3496809	0.0175	0.00128	0.45343	2	2	0	1	1	1	0
SRP055730	11	93409915	93559668	22	149753	0.02665	5e-05	0.63827	3	3.00002	1	0.37	0.0746	0.69075	0
SRP055730	11	93665494	107482278	230	13816784	0.00824	0.00504	0.47722	2	2	0	0.21	0.04028	0.40276	0
SRP055730	11	107507919	108548293	54	1040374	0.01701	0.00038	0.66192	4	3.95133	1	0.54	0.2751	0.79153	0
SRP055730	11	108557206	110045510	13	1488304	0.03467	0.00054	0.4718	2	2	0	1	1	1	0
SRP055730	11	110319864	111522937	19	1203073	0.02868	0.00044	0.46682	2	2	0	1	1	1	0
SRP055730	11	111566357	112113714	39	547357	0.02002	2e-04	0.62574	3	3	1	0.28	0.04731	0.55497	0
SRP055730	11	112132345	113277906	17	1145561	0.03032	0.00042	0.41993	2	2	0	1	1	1	0
SRP055730	11	113338347	113895869	20	557522	0.02795	2e-04	0.60179	3	3	0	1	1	1	0
SRP055730	11	113980818	116293394	28	2312576	0.02362	0.00084	0.43792	2	2	0	1	1	1	0
SRP055730	11	116502068	118413654	80	1911586	0.01398	7e-04	0.59565	3	3	0	1	1	1	0
SRP055730	11	118484700	118794762	13	310062	0.03467	0.00011	0.61537	3	3	0	1	1	1	0
SRP055730	11	118908186	119413808	35	505622	0.02113	0.00018	0.65412	3	3.04434	1	0.48	0.1917	0.76457	0
SRP055730	11	119505141	122859151	64	3354010	0.01562	0.00122	0.50026	2	2	1	0.38	0.12644	0.61935	0
SRP055730	11	123244001	134255051	214	11011050	0.00854	0.00402	0.49646	2	2	1	0.35	0.14526	0.5421	0
SRP055730	12	73682	1016138	38	942456	0.02028	0.00034	0.47396	2	2	0	1	1	1	0
SRP055730	12	1886065	2938646	28	1052581	0.02362	0.00038	0.36952	1	1.00816	1	0.56	0.25504	0.85896	0
SRP055730	12	3205359	6162159	59	2956800	0.01627	0.00108	0.3698	1	1.00096	1	0.56	0.30443	0.81024	0
SRP055730	12	6200185	8725358	141	2525173	0.01053	0.00092	0.50524	2	2	1	0.41	0.19387	0.61915	0
SRP055730	12	8914180	9200488	17	286308	0.03032	1e-04	0.54697	3	2.99999	0	0.71	0.35062	0.96542	0
SRP055730	12	9221451	19324788	258	10103337	0.00778	0.00369	0.37601	1	1.06699	1	0.52	0.31986	0.70661	0
SRP055730	12	19410376	19696339	12	285963	0.03608	1e-04	0.56157	3	3	0	1	1	1	0
SRP055730	12	19908993	22830538	78	2921545	0.01415	0.00107	0.3744	1	1.03182	1	0.53	0.28638	0.76298	0
SRP055730	12	22929211	24828051	11	1898840	0.03769	0.00069	0.29571	1	1	0	1	1	1	0
SRP055730	12	24952386	27845808	74	2893422	0.01453	0.00106	0.40127	2	2	1	0.34	0.09904	0.57266	0
SRP055730	12	28030897	31380610	67	3349713	0.01527	0.00122	0.36373	1	1	1	0.61	0.35515	0.84615	0
SRP055730	12	31429048	33026879	45	1597831	0.01863	0.00058	0.55032	3	3	1	0.74	0.45942	0.95779	0
SRP055730	12	33139096	48904250	249	15765154	0.00792	0.00575	0.38733	2	1.99999	1	0.44	0.23727	0.62616	0
SRP055730	12	48937193	51753909	134	2816716	0.0108	0.00103	0.53802	3	3	1	0.65	0.42757	0.85604	0
SRP055730	12	51777545	53216762	79	1439217	0.01406	0.00053	0.37703	1	1.28364	1	0.51	0.26818	0.74349	0
SRP055730	12	53231978	58369066	308	5137088	0.00712	0.00187	0.49866	2	2	1	0.36	0.17072	0.54794	0
SRP055730	12	58445229	62668900	25	4223671	0.025	0.00154	0.33468	1	1	0	1	1	1	0
SRP055730	12	62724671	64519535	40	1794864	0.01976	0.00065	0.42873	2	2	0	1	1	1	0
SRP055730	12	64562041	65231580	23	669539	0.02606	0.00024	0.54731	3	3	1	0.71	0.38409	0.96143	0
SRP055730	12	65249594	68940843	61	3691249	0.016	0.00135	0.40127	2	2	1	0.34	0.09195	0.58316	0
SRP055730	12	68991982	69242896	16	250914	0.03125	9e-05	0.58802	3	3	0	1	1	1	0
SRP055730	12	69259045	95265659	366	26006614	0.00653	0.00949	0.38873	2	2	1	0.43	0.23696	0.60632	0
SRP055730	12	95382326	97113164	58	1730838	0.01641	0.00063	0.51261	2	2.00619	1	0.46	0.20576	0.71377	0
SRP055730	12	97136557	98529834	12	1393277	0.03608	0.00051	0.35573	1	1.0009	0	0.66	0.26428	0.95741	0
SRP055730	12	98779205	99090516	16	311311	0.03125	0.00011	0.60058	3	3	0	1	1	1	0
SRP055730	12	99108771	100301854	17	1193083	0.03032	0.00044	0.39503	2	1.99947	1	0.38	0.07201	0.7293	0
SRP055730	12	100415649	100791791	23	376142	0.02606	0.00014	0.55495	3	3	0	0.77	0.43628	0.97603	0
SRP055730	12	100808501	101633410	22	824909	0.02665	3e-04	0.42365	2	2	0	1	1	1	0
SRP055730	12	101681067	101944138	20	263071	0.02795	1e-04	0.57956	3	3	0	1	1	1	0
SRP055730	12	102016996	105599179	108	3582183	0.01203	0.00131	0.44493	2	2	0	1	1	1	0
SRP055730	12	106522680	109073116	54	2550436	0.01701	0.00093	0.43474	2	2	0	1	1	1	0
SRP055730	12	109140362	109871328	29	730966	0.02321	0.00027	0.5575	3	3	0	0.79	0.47477	0.97821	0
SRP055730	12	109879307	110114349	11	235042	0.03769	9e-05	0.41961	2	2	0	1	1	1	0
SRP055730	12	110215567	112927747	110	2712180	0.01192	0.00099	0.61197	3	3	0	0.18	0.02676	0.40038	0
SRP055730	12	113357200	113519751	10	162551	0.03953	6e-05	0.62258	3	3.00001	0	0.26	0.03082	0.67927	0
SRP055730	12	113549203	113882839	15	333636	0.03227	0.00012	0.78162	4	4.00139	1	0.4	0.07632	0.76024	0
SRP055730	12	113992332	116518866	24	2526534	0.02552	0.00092	0.51995	3	2.59792	1	0.52	0.19639	0.82721	0
SRP055730	12	116641696	117762898	18	1121202	0.02946	0.00041	0.69085	4	4	1	0.75	0.38993	0.97322	0
SRP055730	12	118402263	118728764	13	326501	0.03467	0.00012	0.53405	3	2.99252	1	0.62	0.23202	0.93819	0
SRP055730	12	118801812	120596174	34	1794362	0.02144	0.00065	0.34306	1	1	0	0.76	0.45754	0.96902	0
SRP055730	12	120602703	123311981	114	2709278	0.01171	0.00099	0.46537	2	2	0	1	1	1	0
SRP055730	12	123647061	124185471	30	538410	0.02282	2e-04	0.49714	2	2	1	0.35	0.07725	0.64848	0
SRP055730	12	124200110	124413571	27	213461	0.02406	8e-05	0.38147	2	1.90021	1	0.48	0.16984	0.78095	0
SRP055730	12	124417473	125137615	10	720142	0.03953	0.00026	0.27064	1	0.99999	0	1	1	1	0
SRP055730	12	125277101	125600604	11	323503	0.03769	0.00012	0.48452	2	2.00002	0	1	1	1	0
SRP055730	12	125658929	129228470	20	3569541	0.02795	0.0013	0.2923	1	1	0	1	1	1	0
SRP055730	12	129695667	132234056	29	2538389	0.02321	0.00093	0.32505	1	1	0	1	1	1	0
SRP055730	12	132476928	133227045	18	750117	0.02946	0.00027	0.37245	1	1.10074	1	0.54	0.19608	0.87263	0
SRP055730	12	133236262	133773674	28	537412	0.02362	2e-04	0.48121	2	2	0	1	1	1	0
SRP055730	13	19031630	19650882	21	619252	0.02728	0.00023	0.51468	2	2.09086	1	0.48	0.15146	0.80284	0
SRP055730	13	19703022	20284222	26	581200	0.02451	0.00021	0.64525	3	3.0004	1	0.42	0.11568	0.7251	0
SRP055730	13	20496770	21476096	30	979326	0.02282	0.00036	0.6085	3	3	0	1	1	1	0
SRP055730	13	21847760	28443707	143	6595947	0.01045	0.00241	0.5553	3	3	1	0.77	0.55354	0.95607	0
SRP055730	13	28770065	41164476	237	12394411	0.00812	0.00452	0.51024	2	2.00005	1	0.45	0.24657	0.6382	0
SRP055730	13	41248815	41905442	23	656627	0.02606	0.00024	0.70039	4	4	0	0.82	0.47881	0.98348	0
SRP055730	13	41921997	45074823	58	3152826	0.01641	0.00115	0.48908	2	2	1	0.3	0.06302	0.54538	0
SRP055730	13	45143954	46074659	21	930705	0.02728	0.00034	0.66921	4	3.99171	1	0.59	0.25551	0.89883	0
SRP055730	13	46088330	49462945	68	3374615	0.01516	0.00123	0.50604	2	2.00001	1	0.42	0.16823	0.65771	0
SRP055730	13	49614847	50653500	39	1038653	0.02002	0.00038	0.6492	3	3.0013	1	0.45	0.16519	0.7216	0
SRP055730	13	50715873	52565712	33	1849839	0.02176	0.00067	0.46334	2	2	0	1	1	1	0
SRP055730	13	52590784	53378823	41	788039	0.01952	0.00029	0.64624	3	3.00013	1	0.43	0.14864	0.69696	0
SRP055730	13	53448214	73459515	113	20011301	0.01176	0.0073	0.45709	2	2	0	1	1	1	0
SRP055730	13	73874694	95710368	171	21835674	0.00956	0.00797	0.47607	2	2	0	0.2	0.03477	0.40436	0
SRP055730	13	96181136	98407220	34	2226084	0.02144	0.00081	0.50745	2	2.00054	1	0.43	0.13897	0.71207	0
SRP055730	13	99414261	111281507	151	11867246	0.01017	0.00433	0.48151	2	2	1	0.24	0.05068	0.4469	0
SRP055730	13	111518155	113904138	40	2385983	0.01976	0.00087	0.48887	2	2	1	0.29	0.0541	0.56811	0
SRP055730	13	114188406	114947181	12	758775	0.03608	0.00028	0.47958	2	2	0	1	1	1	0
SRP055730	14	19057240	20679130	85	1621890	0.01356	0.00059	0.48234	2	2	1	0.25	0.04576	0.47728	0
SRP055730	14	20694979	22106867	95	1411888	0.01282	0.00052	0.62103	3	3	1	0.24	0.04617	0.46949	0
SRP055730	14	22122869	23087548	33	964679	0.02176	0.00035	0.4058	2	2	1	0.3	0.05457	0.59245	0
SRP055730	14	23147691	23804091	38	656400	0.02028	0.00024	0.66064	4	3.80267	1	0.53	0.24317	0.80476	0
SRP055730	14	23822734	25136106	89	1313372	0.01325	0.00048	0.50942	2	2.00013	1	0.44	0.20485	0.66849	0
SRP055730	14	25235541	29868623	19	4633082	0.02868	0.00169	0.37758	2	1.51646	1	0.51	0.16752	0.8369	0
SRP055730	14	30057753	31409334	25	1351581	0.025	0.00049	0.509	2	2.00371	1	0.44	0.12928	0.74801	0
SRP055730	14	31477743	31869917	30	392174	0.02282	0.00014	0.75301	4	4	1	0.19	0.02564	0.49652	0
SRP055730	14	31902017	34644625	29	2742608	0.02321	0.001	0.45468	2	2	0	1	1	1	0
SRP055730	14	34890579	35885250	30	994671	0.02282	0.00036	0.81866	5	5	1	0.67	0.3608	0.93228	0
SRP055730	14	35936364	36383039	17	446675	0.03032	0.00016	0.60079	3	3	0	1	1	1	0
SRP055730	14	36546366	39348351	26	2801985	0.02451	0.00102	0.45098	2	2	0	1	1	1	0
SRP055730	14	39505668	39896614	26	390946	0.02451	0.00014	0.69022	4	4	1	0.74	0.42238	0.96839	0
SRP055730	14	40097895	44697089	16	4599194	0.03125	0.00168	0.40735	2	2	0	0.29	0.04001	0.65152	0
SRP055730	14	44889394	45789989	45	900595	0.01863	0.00033	0.60338	3	3	0	1	1	1	0
SRP055730	14	45999672	49935941	17	3936269	0.03032	0.00144	0.41375	2	2	0	1	1	1	0
SRP055730	14	50055110	50875372	44	820262	0.01884	3e-04	0.73562	4	4	0	0.07	0.01601	0.35956	0
SRP055730	14	50893976	63874583	285	12980607	0.0074	0.00474	0.52367	3	2.99893	1	0.54	0.34834	0.72969	0
SRP055730	14	64425468	73298327	206	8872859	0.00871	0.00324	0.54444	3	3	1	0.69	0.48847	0.88657	0
SRP055730	14	73392207	74849527	58	1457320	0.01641	0.00053	0.77043	4	4	1	0.32	0.07779	0.56879	0
SRP055730	14	74910852	77784930	88	2874078	0.01333	0.00105	0.55642	3	3	1	0.78	0.54073	0.96648	0
SRP055730	14	77805616	78382432	24	576816	0.02552	0.00021	0.68626	4	4	1	0.71	0.38769	0.96049	0
SRP055730	14	78527682	88682967	73	10155285	0.01463	0.00371	0.44042	2	2	0	1	1	1	0
SRP055730	14	88750049	93787500	133	5037451	0.01084	0.00184	0.5525	3	3	1	0.75	0.53102	0.94508	0
SRP055730	14	93884249	96818404	81	2934155	0.01389	0.00107	0.35652	1	1	1	0.66	0.41674	0.88592	0
SRP055730	14	96997508	102269010	72	5271502	0.01473	0.00192	0.34074	1	1	0	0.77	0.52282	0.96579	0
SRP055730	14	102339640	107259504	197	4919864	0.00891	0.0018	0.46286	2	2	0	1	1	1	0
SRP055730	15	20042051	20397146	11	355095	0.03769	0.00013	0.43333	2	2	0	1	1	1	0
SRP055730	15	20492248	22760861	87	2268613	0.0134	0.00083	0.43786	2	2	0	1	1	1	0
SRP055730	15	22806206	23118904	17	312698	0.03032	0.00011	0.62219	3	3	0	0.25	0.03253	0.6074	0
SRP055730	15	23138805	40660446	481	17521641	0.0057	0.00639	0.4587	2	2	0	1	1	1	0
SRP055730	15	40671720	42029351	73	1357631	0.01463	5e-04	0.66252	4	3.98337	1	0.54	0.29612	0.77926	0
SRP055730	15	42033612	44007982	169	1974370	0.00962	0.00072	0.51101	2	2.00021	1	0.45	0.24172	0.65443	0
SRP055730	15	44015739	44150843	17	135104	0.03032	5e-05	0.6584	3	3.34123	1	0.51	0.16368	0.85177	0
SRP055730	15	44568586	45040275	21	471689	0.02728	0.00017	0.64503	3	3.00081	1	0.42	0.10256	0.74278	0
SRP055730	15	45063651	50540386	130	5476735	0.01096	0.002	0.41773	2	2	0	0.22	0.03874	0.43029	0
SRP055730	15	50558475	51263566	32	705091	0.0221	0.00026	0.6404	3	3.00001	1	0.38	0.10033	0.67344	0
SRP055730	15	51283258	52043188	30	759930	0.02282	0.00028	0.41816	2	2	0	1	1	1	0
SRP055730	15	52082995	52402306	13	319311	0.03467	0.00012	0.58586	3	3	0	1	1	1	0
SRP055730	15	52428225	55556949	61	3128724	0.016	0.00114	0.42906	2	2	0	1	1	1	0
SRP055730	15	55814291	60776120	119	4961829	0.01146	0.00181	0.47505	2	2	0	0.19	0.03066	0.41122	0
SRP055730	15	62093828	64473832	92	2380004	0.01303	0.00087	0.45355	2	2	0	1	1	1	0
SRP055730	15	64753889	66523000	70	1769111	0.01494	0.00065	0.56512	3	3	0	1	1	1	0
SRP055730	15	66716341	66851629	12	135288	0.03608	5e-05	0.56485	3	3	0	1	1	1	0
SRP055730	15	66937272	69818521	58	2881249	0.01641	0.00105	0.43965	2	2	0	1	1	1	0
SRP055730	15	70922314	74939665	120	4017351	0.01141	0.00147	0.45604	2	2	0	1	1	1	0
SRP055730	15	74957851	75407388	15	449537	0.03227	0.00016	0.579	3	3	0	1	1	1	0
SRP055730	15	75489679	75593886	16	104207	0.03125	4e-05	0.44289	2	2	0	1	1	1	0
SRP055730	15	75616645	75925824	15	309179	0.03227	0.00011	0.63783	3	3.00016	1	0.37	0.06107	0.72774	0
SRP055730	15	75954831	85122621	255	9167790	0.00783	0.00335	0.45111	2	2	0	1	1	1	0
SRP055730	15	85315628	102513361	324	17197733	0.00694	0.00628	0.45114	2	2	0	1	1	1	0
SRP055730	16	147943	5162422	202	5014479	0.00879	0.00183	0.67368	4	4	1	0.62	0.41754	0.81848	0
SRP055730	16	5248171	8376851	16	3128680	0.03125	0.00114	0.49787	2	2.00013	1	0.36	0.06016	0.71406	0
SRP055730	16	8627288	9230582	16	603294	0.03125	0.00022	0.67813	4	3.99937	1	0.66	0.28992	0.94733	0
SRP055730	16	9383111	13602713	72	4219602	0.01473	0.00154	0.4734	2	2	0	1	1	1	0
SRP055730	16	13881399	14593340	14	711941	0.03341	0.00026	0.35837	1	1.00095	1	0.64	0.26502	0.94701	0
SRP055730	16	14660828	15730826	77	1069998	0.01425	0.00039	0.49074	2	2	1	0.31	0.07812	0.54155	0
SRP055730	16	15753008	16290661	19	537653	0.02868	2e-04	0.84401	5	5	1	0.85	0.48784	0.98713	0
SRP055730	16	16316696	18918497	99	2601801	0.01256	0.00095	0.5792	3	3	0	1	1	1	0
SRP055730	16	19181102	20909094	69	1727992	0.01505	0.00063	0.72103	4	4	0	1	1	1	0
SRP055730	16	20948601	21300818	24	352217	0.02552	0.00013	1.15288	7	7	1	0.07	0.01675	0.41424	0
SRP055730	16	21359798	21495215	27	135417	0.02406	5e-05	0.67116	4	3.99907	1	0.61	0.29177	0.89499	0
SRP055730	16	21519966	21825436	16	305470	0.03125	0.00011	0.98893	6	6	1	0.89	0.50326	0.98995	0
SRP055730	16	21837538	21926841	25	89303	0.025	3e-05	0.67345	4	3.99961	1	0.62	0.30133	0.91114	0
SRP055730	16	22415682	22516952	19	101270	0.02868	4e-05	0.71839	4	4	0	0.94	0.56647	1	0
SRP055730	16	22557822	23157224	11	599402	0.03769	0.00022	0.78265	4	4.00595	1	0.41	0.0684	0.80234	0
SRP055730	16	23203246	23745312	25	542066	0.025	2e-04	1.16905	7	7	1	0.19	0.02447	0.5067	0
SRP055730	16	23857442	24612455	14	755013	0.03341	0.00028	0.85853	5	5	0	0.95	0.53459	1	0
SRP055730	16	24702423	25332721	24	630298	0.02552	0.00023	0.34609	1	1	0	0.73	0.40654	0.96689	0
SRP055730	16	27112128	27517884	13	405756	0.03467	0.00015	0.34275	1	1.00001	0	1	1	1	0
SRP055730	16	27724032	28177663	10	453631	0.03953	0.00017	0.36194	1	1.01436	0	0.62	0.20187	0.94699	0
SRP055730	16	28255701	29096259	64	840558	0.01562	0.00031	0.54762	3	3	1	0.72	0.46199	0.93931	0
SRP055730	16	29374252	29950826	61	576574	0.016	0.00021	0.50269	2	2	1	0.39	0.14018	0.63948	0
SRP055730	16	30041530	31453820	102	1412290	0.01238	0.00052	0.47875	2	2	0	0.22	0.03768	0.4436	0
SRP055730	16	31479240	32290314	31	811074	0.02245	3e-04	0.37245	1	1.03589	1	0.54	0.24241	0.83265	0
SRP055730	16	32342469	32871216	23	528747	0.02606	0.00019	0.52081	3	2.69306	1	0.52	0.19882	0.83633	0
SRP055730	16	32998170	33354780	16	356610	0.03125	0.00013	0.50531	2	2.00277	1	0.41	0.08569	0.76518	0
SRP055730	16	33469150	40761812	44	7292662	0.01884	0.00266	0.54773	3	3	1	0.72	0.43972	0.94934	0
SRP055730	16	46468365	47137166	23	668801	0.02606	0.00024	0.73869	4	4	0	0.09	0.01766	0.43462	0
SRP055730	16	47159874	49961908	50	2802034	0.01768	0.00102	0.56563	3	3	0	1	1	1	0
SRP055730	16	50257495	53329706	50	3072211	0.01768	0.00112	0.5752	3	3	0	1	1	1	0
SRP055730	16	53335518	53588738	16	253220	0.03125	9e-05	0.79677	4	4.3427	1	0.51	0.15458	0.85294	0
SRP055730	16	53658511	56412206	41	2753695	0.01952	0.001	0.56075	3	3	0	0.81	0.52434	0.98095	0
SRP055730	16	56432563	56659537	13	226974	0.03467	8e-05	0.73664	4	4	0	0.08	0.01794	0.4921	0
SRP055730	16	56713944	58582374	74	1868430	0.01453	0.00068	0.68436	4	4	1	0.7	0.45359	0.92384	0
SRP055730	16	58585652	58821630	10	235978	0.03953	9e-05	0.97248	6	5.99993	1	0.77	0.33774	0.98012	0
SRP055730	16	59040860	66490225	35	7449365	0.02113	0.00272	0.55173	3	3	1	0.75	0.45101	0.9658	0
SRP055730	16	66555602	70236622	171	3681020	0.00956	0.00134	0.93247	5	5.02322	1	0.48	0.27369	0.68571	0
SRP055730	16	70255528	70293664	10	38136	0.03953	1e-05	0.76734	4	4.0001	1	0.3	0.03672	0.71614	0
SRP055730	16	70302647	70564564	15	261917	0.03227	1e-04	1.22904	8	7.99565	1	0.62	0.24735	0.93241	0
SRP055730	16	70765584	71540375	31	774791	0.02245	0.00028	0.61888	3	3	0	0.23	0.03145	0.52606	0
SRP055730	16	71587431	72070276	29	482845	0.02321	0.00018	1.03443	6	6	1	0.22	0.02921	0.52167	0
SRP055730	16	72090566	74295470	32	2204904	0.0221	8e-04	0.64347	3	3.00006	1	0.41	0.11723	0.69535	0
SRP055730	16	74435574	75684300	40	1248726	0.01976	0.00046	0.99698	6	6	1	0.95	0.64101	1	0
SRP055730	16	75717136	77017114	14	1299978	0.03341	0.00047	0.55812	3	3	0	1	1	1	0
SRP055730	16	77214373	78731708	20	1517335	0.02795	0.00055	0.69923	4	4	0	0.81	0.45675	0.98272	0
SRP055730	16	78994752	80860909	10	1866157	0.03953	0.00068	0.53342	3	2.9744	1	0.61	0.19748	0.94513	0
SRP055730	16	81026895	81312786	18	285891	0.02946	1e-04	1.01497	6	6	1	0.08	0.01747	0.45194	0
SRP055730	16	81356128	85895940	75	4539812	0.01443	0.00166	0.72374	4	4	0	1	1	1	0
SRP055730	16	87333199	89411931	42	2078732	0.01929	0.00076	0.7539	4	4	1	0.2	0.0275	0.47549	0
SRP055730	16	89529809	90106584	25	576775	0.025	0.00021	1.03207	6	6	1	0.2	0.02622	0.5197	0
SRP055730	17	61548	5491630	225	5430082	0.00833	0.00198	0.56169	3	3	0	0.82	0.61377	0.97309	0
SRP055730	17	6229150	6596821	13	367671	0.03467	0.00013	0.52229	3	2.68405	1	0.53	0.15771	0.88917	0
SRP055730	17	6628633	10301403	193	3672770	0.009	0.00134	0.66819	4	4	1	0.58	0.3766	0.78047	0
SRP055730	17	10303739	10445303	40	141564	0.01976	5e-05	0.45148	2	2	0	1	1	1	0
SRP055730	17	10449061	16075899	108	5626838	0.01203	0.00205	0.59606	3	3	0	1	1	1	0
SRP055730	17	16329111	16733356	28	404245	0.02362	0.00015	0.56681	3	3	0	1	1	1	0
SRP055730	17	16744521	17122077	12	377556	0.03608	0.00014	0.41398	2	1.99999	0	1	1	1	0
SRP055730	17	17276569	18167321	30	890752	0.02282	0.00033	0.46135	2	2	0	1	1	1	0
SRP055730	17	18292454	20488400	120	2195946	0.01141	8e-04	0.48833	2	2	1	0.29	0.07749	0.50425	0
SRP055730	17	20772762	22137567	22	1364805	0.02665	5e-04	0.43871	2	2	0	1	1	1	0
SRP055730	17	22249661	25752882	13	3503221	0.03467	0.00128	0.57389	3	3	0	1	1	1	0
SRP055730	17	26049833	27060020	58	1010187	0.01641	0.00037	0.54868	3	3	1	0.72	0.46381	0.94652	0
SRP055730	17	27210423	27469213	14	258790	0.03341	9e-05	0.50499	2	2.00392	1	0.41	0.0787	0.77744	0
SRP055730	17	27512002	27852968	11	340966	0.03769	0.00012	0.71086	4	4	0	0.89	0.45206	0.98944	0
SRP055730	17	27878801	28960283	49	1081482	0.01786	0.00039	0.55518	3	3	0	0.77	0.49895	0.96977	0
SRP055730	17	28988695	29342371	21	353676	0.02728	0.00013	0.79116	4	4.03509	1	0.47	0.14194	0.79219	0
SRP055730	17	29365471	29975750	29	610279	0.02321	0.00022	0.51478	2	2.07227	1	0.48	0.1761	0.77656	0
SRP055730	17	30314483	30791520	29	477037	0.02321	0.00017	0.66275	4	3.90717	1	0.54	0.238	0.83813	0
SRP055730	17	30804426	31293521	10	489095	0.03953	0.00018	0.50671	2	2.01829	1	0.42	0.07127	0.82617	0
SRP055730	17	31337252	33215763	17	1878511	0.03032	0.00069	0.39982	2	1.99993	0	0.35	0.05709	0.69623	0
SRP055730	17	33264382	35626746	130	2362364	0.01096	0.00086	0.53694	3	3	1	0.64	0.41871	0.84943	0
SRP055730	17	35637400	36000180	21	362780	0.02728	0.00013	0.69133	4	4	1	0.75	0.40946	0.97265	0
SRP055730	17	36050126	37393455	61	1343329	0.016	0.00049	0.49711	2	2	1	0.35	0.10496	0.5995	0
SRP055730	17	37423271	37681457	14	258186	0.03341	9e-05	0.87251	5	5	0	0.05	0.01704	0.4651	0
SRP055730	17	37731472	38611380	58	879908	0.01641	0.00032	0.44317	2	2	0	1	1	1	0
SRP055730	17	38635156	39815496	73	1180340	0.01463	0.00043	0.32881	1	1	0	1	1	1	0
SRP055730	17	39859024	48615985	395	8756961	0.00629	0.0032	0.42377	2	2	0	1	1	1	0
SRP055730	17	48719668	49359926	27	640258	0.02406	0.00023	0.38865	2	1.99824	1	0.43	0.12473	0.73021	0
SRP055730	17	49439451	54765486	43	5326035	0.01906	0.00194	0.2691	1	1	1	0.29	0.0526	0.5566	0
SRP055730	17	54892417	55755594	18	863177	0.02946	0.00031	0.35391	1	1.00003	1	0.68	0.3237	0.95305	0
SRP055730	17	55862327	56790961	44	928634	0.01884	0.00034	0.48204	2	2	0	0.24	0.03765	0.51398	0
SRP055730	17	56915097	58101825	60	1186728	0.01614	0.00043	0.37119	1	1.003	1	0.55	0.29543	0.79951	0
SRP055730	17	58245823	59002188	26	756365	0.02451	0.00028	0.35442	1	1	1	0.67	0.35581	0.94122	0
SRP055730	17	59679270	63902673	171	4223403	0.00956	0.00154	0.32856	1	1	0	1	1	1	0
SRP055730	17	64323015	65187910	18	864895	0.02946	0.00032	0.32802	1	1	0	1	1	1	0
SRP055730	17	65203124	66200379	39	997255	0.02002	0.00036	0.44268	2	2	0	1	1	1	0
SRP055730	17	66471747	70833719	74	4361972	0.01453	0.00159	0.4082	2	2	1	0.29	0.06369	0.52332	0
SRP055730	17	71003806	77078155	184	6074349	0.00922	0.00222	0.54304	3	3	1	0.68	0.47476	0.88012	0
SRP055730	17	77968241	78320917	17	352676	0.03032	0.00013	0.54278	3	2.99995	1	0.68	0.32179	0.95597	0
SRP055730	17	78325206	79452124	26	1126918	0.02451	0.00041	0.43147	2	2	0	1	1	1	0
SRP055730	17	79487104	80789260	46	1302156	0.01843	0.00048	0.54625	3	3	1	0.71	0.43216	0.94249	0
SRP055730	18	28932	602788	19	573856	0.02868	0.00021	0.59689	3	3	0	1	1	1	0
SRP055730	18	633051	811073	10	178022	0.03953	6e-05	0.78433	4	4.01278	1	0.42	0.07008	0.82368	0
SRP055730	18	2545762	11785997	163	9240235	0.00979	0.00337	0.56137	3	3	0	0.82	0.60108	0.97447	0
SRP055730	18	12244237	12973594	21	729357	0.02728	0.00027	0.76601	4	4	1	0.29	0.04164	0.61702	0
SRP055730	18	13004100	15327618	72	2323518	0.01473	0.00085	0.54	3	3	1	0.66	0.41393	0.89357	0
SRP055730	18	18527503	19078088	17	550585	0.03032	2e-04	0.35585	1	1.00011	1	0.66	0.30411	0.94891	0
SRP055730	18	19324969	22049037	72	2724068	0.01473	0.00099	0.40752	2	2	1	0.29	0.06597	0.52944	0
SRP055730	18	22142525	24518003	29	2375478	0.02321	0.00087	0.25909	1	1	1	0.36	0.07964	0.65713	0
SRP055730	18	24630997	28517494	18	3886497	0.02946	0.00142	0.17619	0	0	0	0.96	0.56834	1	1
SRP055730	18	28581945	29378989	39	797044	0.02002	0.00029	0.25213	1	0.99999	1	0.41	0.13112	0.68404	0
SRP055730	18	29425000	29801961	18	376961	0.02946	0.00014	0.33888	1	1	0	1	1	1	0
SRP055730	18	29837340	33488269	50	3650929	0.01768	0.00133	0.22452	0	9e-05	1	0.61	0.33967	0.86261	1
SRP055730	18	33564004	33831284	15	267280	0.03227	1e-04	0.29954	1	1	0	1	1	1	0
SRP055730	18	33852151	34796938	15	944787	0.03227	0.00034	0.2314	0	0.37497	1	0.56	0.19215	0.89642	1
SRP055730	18	34889963	39212741	15	4322778	0.03227	0.00158	0.13983	0	0	1	NA	0.01	1	1
SRP055730	18	39453338	43375181	31	3921843	0.02245	0.00143	0.19708	0	0	1	0.81	0.4971	0.98109	1
SRP055730	18	43430327	43621941	15	191614	0.03227	7e-05	0.29863	1	1	0	1	1	1	0
SRP055730	18	43924394	44402393	12	477999	0.03608	0.00017	0.23901	1	0.92305	1	0.5	0.12744	0.8732	0
SRP055730	18	44416828	44671594	16	254766	0.03125	9e-05	0.31101	1	1	0	1	1	1	0
SRP055730	18	44726921	46828537	18	2101616	0.02946	0.00077	0.22099	0	0.00382	1	0.63	0.28139	0.93311	1
SRP055730	18	46881746	48211093	32	1329347	0.0221	0.00049	0.32173	1	1	0	1	1	1	0
SRP055730	18	48289989	48761082	14	471093	0.03341	0.00017	0.4195	2	2	0	1	1	1	0
SRP055730	18	48953056	51893993	28	2940937	0.02362	0.00107	0.30364	1	1	0	1	1	1	0
SRP055730	18	51937686	54018468	16	2080782	0.03125	0.00076	0.21822	0	0.00237	1	0.65	0.28795	0.94652	1
SRP055730	18	55225982	68072424	181	12846442	0.00929	0.00469	0.35141	1	1	1	0.7	0.48586	0.89162	0
SRP055730	18	68344884	71336227	13	2991343	0.03467	0.00109	0.28067	1	1	0	1	1	1	0
SRP055730	18	71618458	72378755	23	760297	0.02606	0.00028	0.46411	2	2	0	1	1	1	0
SRP055730	18	72499706	77895958	50	5396252	0.01768	0.00197	0.31161	1	1	0	1	1	1	0
SRP055730	19	65976	4962028	138	4896052	0.01064	0.00179	0.53201	3	3	1	0.6	0.38543	0.81244	0
SRP055730	19	5212088	8972496	137	3760408	0.01068	0.00137	0.55108	3	3	1	0.74	0.52202	0.93745	0
SRP055730	19	8984507	9091007	66	106500	0.01539	4e-05	0.3941	2	2	1	0.39	0.13919	0.62994	0
SRP055730	19	9142815	13059791	236	3916976	0.00814	0.00143	0.55196	3	3	1	0.75	0.54635	0.93068	0
SRP055730	19	13233508	15700741	86	2467233	0.01348	9e-04	0.52805	3	2.99992	1	0.58	0.33692	0.80384	0
SRP055730	19	15723156	16164818	26	441662	0.02451	0.00016	0.37011	1	1.01424	1	0.56	0.24475	0.86028	0
SRP055730	19	16207752	27840479	320	11632727	0.00699	0.00424	0.46718	2	2	0	1	1	1	0
SRP055730	19	28120824	30029335	11	1908511	0.03769	7e-04	0.28748	1	1	0	1	1	1	0
SRP055730	19	30472121	32848164	20	2376043	0.02795	0.00087	0.29186	1	1	0	1	1	1	0
SRP055730	19	33083624	33675191	30	591567	0.02282	0.00022	0.54237	3	3	1	0.68	0.37303	0.9394	0
SRP055730	19	34548940	35028424	17	479484	0.03032	0.00017	0.46925	2	2	0	1	1	1	0
SRP055730	19	35034248	35292222	13	257974	0.03467	9e-05	0.33011	1	1	0	1	1	1	0
SRP055730	19	35379169	41385429	287	6006260	0.00738	0.00219	0.46167	2	2	0	1	1	1	0
SRP055730	19	41401355	41940621	24	539266	0.02552	2e-04	0.79998	5	4.77241	1	0.53	0.21016	0.8403	0
SRP055730	19	41978378	42306786	16	328408	0.03125	0.00012	0.52382	3	2.84144	1	0.55	0.18641	0.88232	0
SRP055730	19	42322604	43113998	39	791394	0.02002	0.00029	0.72349	4	4	0	1	1	1	0
SRP055730	19	43136511	43698652	47	562141	0.01823	0.00021	0.47481	2	2	0	1	1	1	0
SRP055730	19	43889122	44306972	16	417850	0.03125	0.00015	0.84853	5	5	1	0.88	0.49509	0.98937	0
SRP055730	19	44343286	45077711	69	734425	0.01505	0.00027	0.56646	3	3	0	1	1	1	0
SRP055730	19	45144109	46524903	48	1380794	0.01804	5e-04	0.92008	5	5	1	0.4	0.13035	0.65647	0
SRP055730	19	46772787	47326564	15	553777	0.03227	2e-04	0.85106	5	5	1	0.9	0.50191	1	0
SRP055730	19	47517499	51309524	158	3792025	0.00994	0.00138	0.86486	5	5	0	1	0.75666	1	0
SRP055730	19	51326189	54077442	218	2751253	0.00847	0.001	0.67799	4	4	1	0.65	0.45094	0.84697	0
SRP055730	19	54100326	54270205	17	169879	0.03032	6e-05	0.94098	6	5.81117	1	0.55	0.19281	0.87852	0
SRP055730	19	54356369	55074786	39	718417	0.02002	0.00026	0.74916	4	4	0	0.17	0.02271	0.44997	0
SRP055730	19	55092436	55374260	33	281824	0.02176	1e-04	0.54323	3	3	1	0.68	0.38679	0.93982	0
SRP055730	19	55388787	55548983	12	160196	0.03608	6e-05	1.0944	7	6.99736	1	0.65	0.25092	0.95271	0
SRP055730	19	55582745	56710324	57	1127579	0.01656	0.00041	0.77676	4	4	1	0.36	0.11177	0.6151	0
SRP055730	19	56718785	57289689	28	570904	0.02362	0.00021	0.57656	3	3	0	1	1	1	0
SRP055730	19	57714424	59092056	109	1377632	0.01197	5e-04	0.6628	4	3.99398	1	0.54	0.31683	0.76275	0
SRP055730	2	115301	3268280	36	3152979	0.02083	0.00115	0.24615	1	0.99922	1	0.45	0.16491	0.73251	0
SRP055730	2	3365667	3753965	12	388298	0.03608	0.00014	0.37403	1	1.27357	1	0.53	0.14908	0.89367	0
SRP055730	2	3782953	8882693	27	5099740	0.02406	0.00186	0.26284	1	1	1	0.33	0.06268	0.6368	0
SRP055730	2	8904302	12146039	89	3241737	0.01325	0.00118	0.38367	2	1.9963	1	0.46	0.22616	0.68984	0
SRP055730	2	12274348	15143786	11	2869438	0.03769	0.00105	0.24142	1	0.96226	1	0.49	0.10951	0.86758	0
SRP055730	2	15318679	16224719	23	906040	0.02606	0.00033	0.34069	1	1	0	0.77	0.43928	0.97664	0
SRP055730	2	17649872	18112941	18	463069	0.02946	0.00017	0.34816	1	1	0	0.72	0.36323	0.96648	0
SRP055730	2	18257129	19960120	10	1702991	0.03953	0.00062	0.25979	1	0.99978	0	0.35	0.04878	0.76738	0
SRP055730	2	20084860	21365180	51	1280320	0.0175	0.00047	0.34361	1	1	0	0.75	0.48258	0.96222	0
SRP055730	2	21438170	23953601	12	2515431	0.03608	0.00092	0.25067	1	0.99821	1	0.42	0.07724	0.80376	0
SRP055730	2	23979238	26056257	70	2077019	0.01494	0.00076	0.42926	2	2	0	1	1	1	0
SRP055730	2	26391435	26672073	19	280638	0.02868	1e-04	0.433	2	2	0	1	1	1	0
SRP055730	2	26983107	29110941	107	2127834	0.01208	0.00078	0.41912	2	2	0	0.21	0.03381	0.42894	0
SRP055730	2	29133127	31852291	50	2719164	0.01768	0.00099	0.32289	1	1	0	1	1	1	0
SRP055730	2	32011765	34122307	78	2110542	0.01415	0.00077	0.44428	2	2	0	1	1	1	0
SRP055730	2	34391788	37003005	18	2611217	0.02946	0.00095	0.28315	1	1	0	1	1	1	0
SRP055730	2	37030706	38863513	58	1832807	0.01641	0.00067	0.40755	2	2	1	0.29	0.06092	0.54139	0
SRP055730	2	38933591	39163903	15	230312	0.03227	8e-05	0.51275	2	2.05966	1	0.47	0.1163	0.82129	0
SRP055730	2	39272142	39556725	12	284583	0.03608	1e-04	0.45036	2	2	0	1	1	1	0
SRP055730	2	39571942	42261057	21	2689115	0.02728	0.00098	0.29356	1	1	0	1	1	1	0
SRP055730	2	42922323	44602765	60	1680442	0.01614	0.00061	0.41115	2	2	1	0.27	0.0489	0.51414	0
SRP055730	2	44746227	47340319	34	2594092	0.02144	0.00095	0.31242	1	1	0	1	1	1	0
SRP055730	2	47377669	48956435	40	1578766	0.01976	0.00058	0.44308	2	2	0	1	1	1	0
SRP055730	2	49051569	51203321	21	2151752	0.02728	0.00079	0.29047	1	1	0	1	1	1	0
SRP055730	2	53931231	54278748	22	347517	0.02665	0.00013	0.4304	2	2	0	1	1	1	0
SRP055730	2	54388564	55328552	29	939988	0.02321	0.00034	0.32348	1	1	0	1	1	1	0
SRP055730	2	55418082	55914318	31	496236	0.02245	0.00018	0.47219	2	2	0	1	1	1	0
SRP055730	2	56009289	60855724	30	4846435	0.02282	0.00177	0.27141	1	1	0	0.27	0.0412	0.56809	0
SRP055730	2	60958170	62373929	60	1415759	0.01614	0.00052	0.48769	2	2	1	0.29	0.0584	0.53357	0
SRP055730	2	62411941	65056239	47	2644298	0.01823	0.00096	0.34831	1	1	1	0.72	0.44423	0.94795	0
SRP055730	2	65212706	65556237	13	343531	0.03467	0.00013	0.46446	2	2	0	1	1	1	0
SRP055730	2	66003127	68037608	15	2034481	0.03227	0.00074	0.28246	1	1	0	1	1	1	0
SRP055730	2	68228684	69442082	32	1213398	0.0221	0.00044	0.34166	1	1	0	0.77	0.46227	0.97252	0
SRP055730	2	69682506	70176532	17	494026	0.03032	0.00018	0.38822	2	1.99037	1	0.43	0.10005	0.77631	0
SRP055730	2	70252297	70582253	11	329956	0.03769	0.00012	0.5483	3	2.99981	0	0.72	0.30539	0.97221	0
SRP055730	2	70668231	73914594	89	3246363	0.01325	0.00118	0.35166	1	1	1	0.69	0.45608	0.91248	0
SRP055730	2	73943755	74467479	23	523724	0.02606	0.00019	0.43828	2	2	0	1	1	1	0
SRP055730	2	74478576	74660472	11	181896	0.03769	7e-05	0.35393	1	1.00085	0	0.68	0.26502	0.96257	0
SRP055730	2	74725825	75927732	32	1201907	0.0221	0.00044	0.3433	1	1	0	0.75	0.45109	0.9692	0
SRP055730	2	76092223	84585196	41	8492973	0.01952	0.0031	0.27222	1	1	1	0.26	0.04314	0.53819	0
SRP055730	2	84660379	89732154	218	5071775	0.00847	0.00185	0.3872	2	1.99998	1	0.44	0.23435	0.63079	0
SRP055730	2	89911916	103367028	393	13455112	0.00631	0.00491	0.36562	1	1	1	0.59	0.40471	0.77071	0
SRP055730	2	105634027	106745239	15	1111212	0.03227	0.00041	0.32155	1	1	0	1	1	1	0
SRP055730	2	106771944	107121232	27	349288	0.02406	0.00013	0.4245	2	2	0	1	1	1	0
SRP055730	2	108452203	108524497	19	72294	0.02868	3e-05	0.43222	2	2	0	1	1	1	0
SRP055730	2	108575926	109031279	10	455353	0.03953	0.00017	0.32415	1	1	0	1	1	1	0
SRP055730	2	109074380	109508626	42	434246	0.01929	0.00016	0.43486	2	2	0	1	1	1	0
SRP055730	2	110306223	111430231	69	1124008	0.01505	0.00041	0.41349	2	2	0	0.25	0.04381	0.48966	0
SRP055730	2	111491951	112319132	11	827181	0.03769	3e-04	0.29628	1	1	0	1	1	1	0
SRP055730	2	112479775	122351211	196	9871436	0.00893	0.0036	0.38663	2	1.99996	1	0.44	0.23515	0.63819	0
SRP055730	2	122641729	127864167	26	5222438	0.02451	0.00191	0.30747	1	1	0	1	1	1	0
SRP055730	2	127933033	133075220	170	5142187	0.00959	0.00188	0.42766	2	2	0	1	1	1	0
SRP055730	2	133123810	135365657	24	2241847	0.02552	0.00082	0.32388	1	1	0	1	1	1	0
SRP055730	2	135533430	136713693	53	1180263	0.01717	0.00043	0.47838	2	2	0	0.22	0.03219	0.47653	0
SRP055730	2	136805030	152007282	139	15202252	0.0106	0.00555	0.32986	1	1	0	1	1	1	0
SRP055730	2	152109816	152321757	15	211941	0.03227	8e-05	0.50443	2	2.00248	1	0.41	0.07954	0.76614	0
SRP055730	2	152323702	180906580	873	28582878	0.00423	0.01043	0.37238	1	1.00035	1	0.54	0.37094	0.70766	0
SRP055730	2	182335441	198148267	290	15812826	0.00734	0.00577	0.37217	1	1.00053	1	0.55	0.35054	0.73095	0
SRP055730	2	198252773	198643483	21	390710	0.02728	0.00014	0.53881	3	2.99993	1	0.65	0.31595	0.93771	0
SRP055730	2	198797813	201611160	41	2813347	0.01952	0.00103	0.3705	1	1.00488	1	0.56	0.27667	0.82721	0
SRP055730	2	201680953	202067218	25	386265	0.025	0.00014	0.55391	3	3	0	0.76	0.43726	0.97382	0
SRP055730	2	202098380	203021380	52	923000	0.01733	0.00034	0.43252	2	2	0	1	1	1	0
SRP055730	2	203052902	204686608	61	1633706	0.016	6e-04	0.55438	3	3	1	0.76	0.50683	0.9652	0
SRP055730	2	204777948	206645579	17	1867631	0.03032	0.00068	0.31409	1	1	0	1	1	1	0
SRP055730	2	206736740	207091155	14	354415	0.03341	0.00013	0.56223	3	3	0	1	1	1	0
SRP055730	2	207154970	219170198	227	12015228	0.0083	0.00438	0.37991	2	1.89993	1	0.49	0.28801	0.68208	0
SRP055730	2	219204103	219496745	19	292642	0.02868	0.00011	0.59763	3	3	0	1	1	1	0
SRP055730	2	219501285	220297356	57	796071	0.01656	0.00029	0.45557	2	2	0	1	1	1	0
SRP055730	2	220321459	220497155	15	175696	0.03227	6e-05	0.3769	1	1.46714	1	0.51	0.15187	0.86096	0
SRP055730	2	222191886	225786242	65	3594356	0.0155	0.00131	0.39484	2	2	1	0.38	0.1335	0.62567	0
SRP055730	2	227661970	228465962	34	803992	0.02144	0.00029	0.42066	2	2	0	1	1	1	0
SRP055730	2	228718938	230709658	29	1990720	0.02321	0.00073	0.38511	2	1.98859	1	0.45	0.15113	0.74947	0
SRP055730	2	230997397	231999606	38	1002209	0.02028	0.00037	0.40322	2	2	1	0.32	0.06714	0.59977	0
SRP055730	2	232020524	232656236	20	635712	0.02795	0.00023	0.54398	3	2.99999	1	0.69	0.34727	0.95564	0
SRP055730	2	232725299	243112486	236	10387187	0.00814	0.00379	0.40738	2	2	1	0.29	0.09586	0.48358	0
SRP055730	20	68523	6125672	151	6057149	0.01017	0.00221	0.49176	2	2	1	0.31	0.10368	0.51979	0
SRP055730	20	6176654	9033269	23	2856615	0.02606	0.00104	0.35937	1	1.00008	1	0.64	0.30996	0.92576	0
SRP055730	20	9261931	10282047	19	1020116	0.02868	0.00037	0.64731	3	3.00334	1	0.43	0.10846	0.76826	0
SRP055730	20	10510585	13416403	27	2905818	0.02406	0.00106	0.6247	3	3	1	0.27	0.04012	0.57747	0
SRP055730	20	13507002	14152161	17	645159	0.03032	0.00024	0.88917	5	5	1	0.17	0.02299	0.53635	0
SRP055730	20	14605335	17700551	33	3095216	0.02176	0.00113	0.46376	2	2	0	1	1	1	0
SRP055730	20	17842061	18551707	26	709646	0.02451	0.00026	0.6436	3	3.00016	1	0.41	0.10669	0.71336	0
SRP055730	20	18661179	25068718	89	6407539	0.01325	0.00234	0.47861	2	2	0	0.22	0.03621	0.44898	0
SRP055730	20	25133741	25661906	18	528165	0.02946	0.00019	0.6392	3	3.00011	1	0.38	0.07101	0.71735	0
SRP055730	20	25707636	31544938	73	5837302	0.01463	0.00213	0.40063	2	2	1	0.34	0.10222	0.57792	0
SRP055730	20	31578547	31912890	17	334343	0.03032	0.00012	0.28445	1	1	0	1	1	1	0
SRP055730	20	31937975	32360853	13	422878	0.03467	0.00015	0.43704	2	2	0	1	1	1	0
SRP055730	20	32405606	33517033	34	1111427	0.02144	0.00041	0.32668	1	1	0	1	1	1	0
SRP055730	20	33644730	34651601	46	1006871	0.01843	0.00037	0.33512	1	1	0	1	1	1	0
SRP055730	20	35175288	35804581	30	629293	0.02282	0.00023	0.91297	5	5	1	0.34	0.07215	0.6397	0
SRP055730	20	35822845	37654996	54	1832151	0.01701	0.00067	0.56614	3	3	0	1	1	1	0
SRP055730	20	39593729	39999454	15	405725	0.03227	0.00015	0.5645	3	3	0	1	1	1	0
SRP055730	20	40027242	41904108	25	1876866	0.025	0.00068	0.44777	2	2	0	1	1	1	0
SRP055730	20	42018656	44378614	62	2359958	0.01588	0.00086	0.63721	3	3	1	0.36	0.11216	0.60644	0
SRP055730	20	44410275	44642626	19	232351	0.02868	8e-05	0.78591	4	4.00373	1	0.43	0.10627	0.7654	0
SRP055730	20	44657004	45277389	24	620385	0.02552	0.00023	0.49221	2	2	1	0.32	0.05361	0.63331	0
SRP055730	20	45800981	46273990	13	473009	0.03467	0.00017	0.32341	1	1	0	1	1	1	0
SRP055730	20	46281488	47570366	15	1288878	0.03227	0.00047	0.21793	0	0.00315	1	0.66	0.28267	0.9491	1
SRP055730	20	47586806	48636688	41	1049882	0.01952	0.00038	0.33463	1	1	0	1	1	1	0
SRP055730	20	48706099	50174735	24	1468636	0.02552	0.00054	0.628	3	3	1	0.29	0.04548	0.61086	0
SRP055730	20	50228452	50775836	11	547384	0.03769	2e-04	0.84173	5	5	1	0.83	0.40348	0.98577	0
SRP055730	20	52511087	54837605	17	2326518	0.03032	0.00085	0.49594	2	2.00004	0	0.34	0.05624	0.69409	0
SRP055730	20	54898425	55439525	15	541100	0.03227	2e-04	0.71506	4	4	0	0.92	0.51923	1	0
SRP055730	20	55662160	62208300	128	6546140	0.01105	0.00239	0.50928	2	2.00005	1	0.44	0.21931	0.65198	0
SRP055730	20	62249671	62652922	15	403251	0.03227	0.00015	0.75935	4	4	1	0.24	0.03002	0.60988	0
SRP055730	21	9451907	10689766	18	1237859	0.02946	0.00045	0.47696	2	2	0	1	1	1	0
SRP055730	21	10892065	14812240	38	3920175	0.02028	0.00143	0.48647	2	2	0	0.28	0.04623	0.55516	0
SRP055730	21	14861893	34721246	243	19859353	0.00802	0.00725	0.38514	2	1.99983	1	0.45	0.25238	0.64258	0
SRP055730	21	34896610	35351070	30	454460	0.02282	0.00017	0.46081	2	2	0	1	1	1	0
SRP055730	21	35443006	37280264	17	1837258	0.03032	0.00067	0.3442	1	1	0	0.75	0.38371	0.97374	0
SRP055730	21	37510905	37784712	19	273807	0.02868	1e-04	0.65567	3	3.13555	1	0.49	0.15587	0.82489	0
SRP055730	21	37823711	40598347	52	2774636	0.01733	0.00101	0.39334	2	2	1	0.39	0.13246	0.64926	0
SRP055730	21	40610423	40825105	11	214682	0.03769	8e-05	0.51811	2	2.3282	1	0.5	0.12118	0.88056	0
SRP055730	21	40866981	47570346	144	6703365	0.01042	0.00245	0.39563	2	2	1	0.38	0.16078	0.58402	0
SRP055730	21	47607424	47941599	23	334175	0.02606	0.00012	0.50819	2	2.00309	1	0.43	0.11942	0.74958	0
SRP055730	22	16075930	17499260	58	1423330	0.01641	0.00052	0.51729	2	2.24771	1	0.5	0.23916	0.74731	0
SRP055730	22	17553720	18218095	20	664375	0.02795	0.00024	0.82373	5	5	1	0.7	0.35914	0.9599	0
SRP055730	22	18263576	20340730	75	2077154	0.01443	0.00076	0.58916	3	3	0	1	1	1	0
SRP055730	22	20737050	21445049	33	707999	0.02176	0.00026	0.71076	4	4	0	0.89	0.57741	1	0
SRP055730	22	21472700	21688272	16	215572	0.03125	8e-05	0.5613	3	3	0	1	1	1	0
SRP055730	22	21720467	22309409	16	588942	0.03125	0.00021	0.81374	5	4.99812	1	0.63	0.26632	0.93624	0
SRP055730	22	22332174	22793555	16	461381	0.03125	0.00017	0.51151	2	2.03377	1	0.46	0.1142	0.80694	0
SRP055730	22	22823688	22987747	11	164059	0.03769	6e-05	0.6558	3	3.15789	1	0.49	0.11475	0.87376	0
SRP055730	22	23000301	23435737	13	435436	0.03467	0.00016	0.44539	2	2	0	1	1	1	0
SRP055730	22	23478749	25335593	87	1856844	0.0134	0.00068	0.74228	4	4	0	0.12	0.01833	0.35559	0
SRP055730	22	25396526	28774961	55	3378435	0.01685	0.00123	0.56021	3	3	0	0.81	0.5408	0.97876	0
SRP055730	22	29308448	31736493	82	2428045	0.0138	0.00089	0.6756	4	4	1	0.64	0.39593	0.86565	0
SRP055730	22	31778827	32222460	26	443633	0.02451	0.00016	0.89517	5	5	1	0.22	0.02851	0.52988	0
SRP055730	22	32234603	36735945	77	4501342	0.01425	0.00164	0.59875	3	3	0	1	1	1	0
SRP055730	22	36958113	37902168	21	944055	0.02728	0.00034	0.54891	3	3	0	0.73	0.38617	0.96643	0
SRP055730	22	37939522	39930305	71	1990783	0.01483	0.00073	0.74475	4	4	0	0.13	0.01989	0.38209	0
SRP055730	22	40251967	43587060	114	3335093	0.01171	0.00122	0.76729	4	4	1	0.3	0.08116	0.51286	0
SRP055730	22	43613755	46111979	53	2498224	0.01717	0.00091	0.61893	3	3	0	0.23	0.03491	0.48692	0
SRP055730	22	46605190	47154669	24	549479	0.02552	2e-04	0.6416	3	3.00008	1	0.39	0.09259	0.70624	0
SRP055730	22	47241923	50006022	17	2764099	0.03032	0.00101	0.45446	2	2	0	1	1	1	0
SRP055730	22	50116253	51085820	41	969567	0.01952	0.00035	0.67912	4	4	1	0.66	0.38071	0.91766	0
SRP055730	3	213857	9799766	126	9585909	0.01114	0.0035	0.40594	2	2	1	0.3	0.08883	0.51517	0
SRP055730	3	9805353	10307025	36	501672	0.02083	0.00018	0.6038	3	3	0	1	1	1	0
SRP055730	3	10316263	11072845	14	756582	0.03341	0.00028	0.34853	1	1.00002	0	0.72	0.33177	0.96882	0
SRP055730	3	11189571	11938036	16	748465	0.03125	0.00027	0.49725	2	2.0001	0	0.35	0.05837	0.70968	0
SRP055730	3	12030610	12519074	10	488464	0.03953	0.00018	0.39127	2	1.98434	0	0.41	0.06581	0.81468	0
SRP055730	3	12558204	12886528	13	328324	0.03467	0.00012	0.54636	3	2.9999	0	0.71	0.31455	0.96772	0
SRP055730	3	12921098	19811481	121	6890383	0.01136	0.00251	0.40007	2	2	1	0.35	0.12409	0.55871	0
SRP055730	3	19923714	20100191	12	176477	0.03608	6e-05	0.56941	3	3	0	1	1	1	0
SRP055730	3	20475317	23765947	14	3290630	0.03341	0.0012	0.33389	1	1	0	1	1	1	0
SRP055730	3	24072296	28601328	64	4529032	0.01562	0.00165	0.38126	2	1.94849	1	0.48	0.2269	0.72408	0
SRP055730	3	28815766	31474388	18	2658622	0.02946	0.00097	0.30311	1	1	0	1	1	1	0
SRP055730	3	31499461	33901103	67	2401642	0.01527	0.00088	0.46653	2	2	0	1	1	1	0
SRP055730	3	34060272	36348290	14	2288018	0.03341	0.00083	0.28153	1	1	0	1	1	1	0
SRP055730	3	36515383	36926382	18	410999	0.02946	0.00015	0.37004	1	1.03691	1	0.56	0.2123	0.8863	0
SRP055730	3	36984860	37368135	23	383275	0.02606	0.00014	0.47294	2	2	0	1	1	1	0
SRP055730	3	37369065	39340932	80	1971867	0.01398	0.00072	0.37364	1	1.01524	1	0.54	0.29304	0.76713	0
SRP055730	3	40680363	41771212	12	1090849	0.03608	4e-04	0.34862	1	1.00009	0	0.72	0.31154	0.97023	0
SRP055730	3	42208589	47054871	151	4846282	0.01017	0.00177	0.42037	2	2	0	0.2	0.03318	0.40635	0
SRP055730	3	47080000	48574248	66	1494248	0.01539	0.00055	0.56395	3	3	0	1	1	1	0
SRP055730	3	48596283	48703814	18	107531	0.02946	4e-05	0.41574	2	2	0	1	1	1	0
SRP055730	3	49011854	49196510	21	184656	0.02728	7e-05	0.51847	2	2.39286	1	0.51	0.17557	0.82826	0
SRP055730	3	49230559	49569368	15	338809	0.03227	0.00012	0.70292	4	4	0	0.83	0.44689	0.9859	0
SRP055730	3	49629282	51455722	80	1826440	0.01398	0.00067	0.46825	2	2	0	1	1	1	0
SRP055730	3	51666383	52367397	33	701014	0.02176	0.00026	0.46656	2	2	0	1	1	1	0
SRP055730	3	52381437	52563325	26	181888	0.02451	7e-05	0.28992	1	1	0	1	1	1	0
SRP055730	3	52576680	52816330	23	239650	0.02606	9e-05	0.55951	3	3	0	1	1	1	0
SRP055730	3	52821976	52950316	11	128340	0.03769	5e-05	0.38428	2	1.90683	1	0.46	0.09309	0.84606	0
SRP055730	3	52960260	53452833	14	492573	0.03341	0.00018	0.50622	2	2.00616	1	0.42	0.08324	0.78565	0
SRP055730	3	53600003	56529913	48	2929910	0.01804	0.00107	0.33502	1	1	0	1	1	1	0
SRP055730	3	56594719	69428675	202	12833956	0.00879	0.00468	0.43935	2	2	0	1	1	1	0
SRP055730	3	69628953	72857840	23	3228887	0.02606	0.00118	0.24819	1	0.99924	1	0.44	0.12312	0.75444	0
SRP055730	3	73172805	75387993	20	2215188	0.02795	0.00081	0.259	1	0.99999	1	0.36	0.06705	0.69171	0
SRP055730	3	75401734	75726054	14	324320	0.03341	0.00012	0.36358	1	1.00649	1	0.61	0.23009	0.92985	0
SRP055730	3	75840210	87721101	68	11880891	0.01516	0.00434	0.27755	1	1	0	0.23	0.03604	0.46916	0
SRP055730	3	87937132	101101635	165	13164503	0.00973	0.0048	0.37217	1	1.00106	1	0.55	0.33351	0.74788	0
SRP055730	3	101146992	101502502	19	355510	0.02868	0.00013	0.51887	2	2.42976	1	0.51	0.16996	0.83918	0
SRP055730	3	101530623	106695882	31	5165259	0.02245	0.00188	0.27852	1	1	0	0.22	0.02973	0.51718	0
SRP055730	3	106824793	108926199	59	2101406	0.01627	0.00077	0.3656	1	1.00003	1	0.59	0.33464	0.83964	0
SRP055730	3	109255374	112747187	62	3491813	0.01588	0.00127	0.37844	2	1.6053	1	0.5	0.24527	0.74606	0
SRP055730	3	113024807	113418234	28	393427	0.02362	0.00014	0.40916	2	2	0	0.28	0.04302	0.58274	0
SRP055730	3	113656125	114038041	17	381916	0.03032	0.00014	0.39836	2	1.99987	1	0.36	0.06129	0.70636	0
SRP055730	3	114064210	118327709	19	4263499	0.02868	0.00156	0.28299	1	1	0	1	1	1	0
SRP055730	3	118564393	119166110	15	601717	0.03227	0.00022	0.3876	2	1.98267	1	0.43	0.09593	0.79331	0
SRP055730	3	119183441	121159878	48	1976437	0.01804	0.00072	0.50133	2	2	1	0.38	0.11979	0.64433	0
SRP055730	3	121177683	121359529	17	181846	0.03032	7e-05	0.64682	3	3.00371	1	0.43	0.09978	0.77594	0
SRP055730	3	121374872	122193073	41	818201	0.01952	3e-04	0.50815	2	2.00045	1	0.43	0.15471	0.70366	0
SRP055730	3	122235188	128246203	156	6011015	0.01001	0.00219	0.32042	1	1	0	1	1	1	0
SRP055730	3	128318916	129031891	21	712975	0.02728	0.00026	0.4263	2	2	0	1	1	1	0
SRP055730	3	129077496	133187107	119	4109611	0.01146	0.0015	0.32795	1	1	0	1	1	1	0
SRP055730	3	133258390	133377592	12	119202	0.03608	4e-05	0.42962	2	2	0	1	1	1	0
SRP055730	3	133426057	135760052	40	2333995	0.01976	0.00085	0.297	1	1	0	1	1	1	0
SRP055730	3	135792021	136689129	22	897108	0.02665	0.00033	0.44995	2	2	0	1	1	1	0
SRP055730	3	136755999	138206966	27	1450967	0.02406	0.00053	0.33449	1	1	0	1	1	1	0
SRP055730	3	138219251	138734529	15	515278	0.03227	0.00019	0.64507	3	3.00269	1	0.42	0.08573	0.77709	0
SRP055730	3	138912666	141293144	34	2380478	0.02144	0.00087	0.43055	2	2	0	1	1	1	0
SRP055730	3	141311160	141920570	16	609410	0.03125	0.00022	0.66069	4	3.56024	1	0.53	0.1727	0.87018	0
SRP055730	3	141982991	169508273	397	27525282	0.00627	0.01004	0.42793	2	2	0	1	1	1	0
SRP055730	3	169519502	169850678	20	331176	0.02795	0.00012	0.58307	3	3	0	1	1	1	0
SRP055730	3	169871745	170129722	10	257977	0.03953	9e-05	0.74921	4	4	0	0.17	0.02278	0.60267	0
SRP055730	3	170174646	180733180	147	10558534	0.01031	0.00385	0.39916	2	2	1	0.35	0.13689	0.55787	0
SRP055730	3	182546040	186814656	165	4268616	0.00973	0.00156	0.40269	2	2	1	0.33	0.11677	0.52841	0
SRP055730	3	186878261	194046493	86	7168232	0.01348	0.00262	0.29936	1	1	0	1	1	1	0
SRP055730	3	194087206	194383354	15	296148	0.03227	0.00011	0.38176	2	1.8536	1	0.48	0.12442	0.83125	0
SRP055730	3	195007743	196062812	58	1055069	0.01641	0.00038	0.41024	2	2	1	0.27	0.05124	0.52248	0
SRP055730	3	196086168	197740798	58	1654630	0.01641	6e-04	0.64284	3	3	1	0.4	0.14503	0.65052	0
SRP055730	4	34628	7063310	189	7028682	0.00909	0.00256	0.43258	2	2	0	1	1	1	0
SRP055730	4	7790149	9816026	107	2025877	0.01208	0.00074	0.40473	2	2	1	0.31	0.09112	0.53036	0
SRP055730	4	13272261	17473340	71	4201079	0.01483	0.00153	0.37354	1	1.01675	1	0.54	0.28778	0.77389	0
SRP055730	4	17816304	17900709	11	84405	0.03769	3e-05	0.38481	2	1.9198	1	0.45	0.09104	0.84294	0
SRP055730	4	20432790	20844512	13	411722	0.03467	0.00015	0.37676	1	1.47174	1	0.51	0.14068	0.87351	0
SRP055730	4	22331654	25418383	46	3086729	0.01843	0.00113	0.37512	1	1.1086	1	0.52	0.25128	0.78746	0
SRP055730	4	25781762	26698592	16	916830	0.03125	0.00033	0.41444	2	2	0	1	1	1	0
SRP055730	4	26735809	37520015	57	10784206	0.01656	0.00393	0.32366	1	1	0	1	1	1	0
SRP055730	4	37613925	40818063	100	3204138	0.0125	0.00117	0.50022	2	2	1	0.38	0.14537	0.59712	0
SRP055730	4	40849214	49045734	136	8196520	0.01072	0.00299	0.35131	1	1	1	0.7	0.47648	0.90072	0
SRP055730	4	49074132	49160488	13	86356	0.03467	3e-05	0.68115	4	3.99923	1	0.68	0.2861	0.95967	0
SRP055730	4	51195382	56083296	53	4887914	0.01717	0.00178	0.32665	1	1	0	1	1	1	0
SRP055730	4	56202545	57918313	62	1715768	0.01588	0.00063	0.42935	2	2	0	1	1	1	0
SRP055730	4	58107223	62369115	12	4261892	0.03608	0.00156	0.24823	1	0.99602	1	0.44	0.08601	0.8191	0
SRP055730	4	62449072	69363120	78	6914048	0.01415	0.00252	0.47663	2	2	0	0.21	0.03136	0.44209	0
SRP055730	4	69507601	71509808	85	2002207	0.01356	0.00073	0.48298	2	2	1	0.25	0.04784	0.48169	0
SRP055730	4	71521310	71926140	14	404830	0.03341	0.00015	0.73115	4	4	0	0.04	0.01654	0.45288	0
SRP055730	4	72056115	76468154	76	4412039	0.01434	0.00161	0.49064	2	2	1	0.31	0.0772	0.54149	0
SRP055730	4	76505820	76915364	26	409544	0.02451	0.00015	0.7083	4	4	0	0.87	0.54086	0.98906	0
SRP055730	4	76935341	83279144	127	6343803	0.01109	0.00231	0.50224	2	2	1	0.39	0.16881	0.60159	0
SRP055730	4	83313721	84531030	48	1217309	0.01804	0.00044	0.68337	4	4	1	0.69	0.42149	0.93287	0
SRP055730	4	84728290	113406831	440	28678541	0.00596	0.01046	0.52494	3	2.99986	1	0.55	0.36763	0.72873	0
SRP055730	4	113448532	113729073	18	280541	0.02946	1e-04	0.73369	4	4	0	0.05	0.01665	0.43443	0
SRP055730	4	113842882	128787827	226	14944945	0.00831	0.00545	0.49577	2	2	1	0.34	0.14207	0.53562	0
SRP055730	4	128807209	129059565	15	252356	0.03227	9e-05	0.80549	5	4.93834	1	0.57	0.2038	0.90516	0
SRP055730	4	129091971	139786475	54	10694504	0.01701	0.0039	0.4569	2	2	0	1	1	1	0
SRP055730	4	139972196	140441451	13	469255	0.03467	0.00017	0.70874	4	4	0	0.88	0.46354	0.98883	0
SRP055730	4	140477337	148504435	122	8027098	0.01132	0.00293	0.50119	2	2	1	0.38	0.16006	0.59578	0
SRP055730	4	148850696	151898976	36	3048280	0.02083	0.00111	0.5161	2	2.13376	1	0.49	0.20063	0.7695	0
SRP055730	4	152349525	165707691	172	13358166	0.00953	0.00487	0.49515	2	2	1	0.34	0.13004	0.53957	0
SRP055730	4	166162649	188735713	312	22573064	0.00708	0.00824	0.52611	3	2.99996	1	0.56	0.36817	0.74513	0
SRP055730	4	189244311	191009585	26	1765274	0.02451	0.00064	0.50251	2	2.00009	1	0.39	0.09607	0.69863	0
SRP055730	5	16535513	17355410	16	819897	0.03125	3e-04	0.69715	4	4	0	0.79	0.41805	0.98133	0
SRP055730	5	17478777	21284095	18	3805318	0.02946	0.00139	0.45915	2	2	0	1	1	1	0
SRP055730	5	21626830	31520924	61	9894094	0.016	0.00361	0.46981	2	2	0	1	1	1	0
SRP055730	5	31531213	32559235	28	1028022	0.02362	0.00038	0.72233	4	4	0	1	1	1	0
SRP055730	5	32653844	37100126	113	4446282	0.01176	0.00162	0.52882	3	2.99998	1	0.58	0.35454	0.79737	0
SRP055730	5	37120184	37244502	20	124318	0.02795	5e-05	0.74796	4	4	0	0.16	0.02173	0.50434	0
SRP055730	5	37562234	40267793	54	2705559	0.01701	0.00099	0.48712	2	2	1	0.28	0.05414	0.53585	0
SRP055730	5	40934495	42905014	47	1970519	0.01823	0.00072	0.51543	2	2.07363	1	0.48	0.21327	0.74672	0
SRP055730	5	43263525	43723348	21	459823	0.02728	0.00017	0.57892	3	3	0	1	1	1	0
SRP055730	5	43930257	52590087	48	8659830	0.01804	0.00316	0.44954	2	2	0	1	1	1	0
SRP055730	5	52745422	56253255	75	3507833	0.01443	0.00128	0.5782	3	3	0	1	1	1	0
SRP055730	5	56587137	61453050	47	4865913	0.01823	0.00178	0.47298	2	2	0	1	1	1	0
SRP055730	5	61633474	61836678	16	203204	0.03125	7e-05	0.69493	4	4	1	0.78	0.40352	0.9791	0
SRP055730	5	61872429	64567022	24	2694593	0.02552	0.00098	0.47347	2	2	0	1	1	1	0
SRP055730	5	64669593	65418707	33	749114	0.02176	0.00027	0.59859	3	3	0	1	1	1	0
SRP055730	5	65457951	68291004	36	2833053	0.02083	0.00103	0.44995	2	2	0	1	1	1	0
SRP055730	5	68398468	70961762	147	2563294	0.01031	0.00094	0.8112	5	5	1	0.61	0.39606	0.81833	0
SRP055730	5	71079616	76001874	122	4922258	0.01132	0.0018	0.53895	3	3	1	0.65	0.43071	0.86591	0
SRP055730	5	76326005	79381833	80	3055828	0.01398	0.00112	0.54705	3	3	1	0.71	0.46986	0.93025	0
SRP055730	5	79418771	79953218	23	534447	0.02606	2e-04	0.7113	4	4	0	0.89	0.54673	1	0
SRP055730	5	79966004	114300381	419	34334377	0.00611	0.01253	0.48786	2	2	1	0.29	0.10235	0.46318	0
SRP055730	5	114565510	118017103	39	3451593	0.02002	0.00126	0.4555	2	2	0	1	1	1	0
SRP055730	5	118481185	125851040	77	7369855	0.01425	0.00269	0.47324	2	2	0	1	1	1	0
SRP055730	5	126197324	132233937	124	6036613	0.01123	0.0022	0.51779	2	2.34818	1	0.5	0.27915	0.71449	0
SRP055730	5	132435649	133548092	14	1112443	0.03341	0.00041	0.51668	2	2.22932	1	0.49	0.13207	0.85213	0
SRP055730	5	133600746	134207243	24	606497	0.02552	0.00022	0.89065	5	5	1	0.18	0.02415	0.50833	0
SRP055730	5	134320081	137113266	37	2793185	0.02055	0.00102	0.43956	2	2	0	1	1	1	0
SRP055730	5	137175235	138039517	52	864282	0.01733	0.00032	0.7257	4	4	0	1	1	1	0
SRP055730	5	138627678	139027522	15	399844	0.03227	0.00015	0.74667	4	4	0	0.15	0.02124	0.53033	0
SRP055730	5	139700147	140107153	36	407006	0.02083	0.00015	0.66588	4	3.99245	1	0.57	0.27668	0.84435	0
SRP055730	5	140149701	145452035	181	5302334	0.00929	0.00193	0.50164	2	2	1	0.39	0.17683	0.58475	0
SRP055730	5	145479372	145655704	14	176332	0.03341	6e-05	0.71824	4	4	0	0.94	0.52775	1	0
SRP055730	5	145691996	153742844	176	8050848	0.00942	0.00294	0.49204	2	2	1	0.32	0.10998	0.51662	0
SRP055730	5	153780684	154409422	25	628738	0.025	0.00023	0.63562	3	3	1	0.35	0.06897	0.66024	0
SRP055730	5	156231382	156659175	12	427793	0.03608	0.00016	0.70375	4	4	0	0.84	0.42235	0.98637	0
SRP055730	5	156674051	157022445	15	348394	0.03227	0.00013	0.50812	2	2.01032	1	0.43	0.09436	0.79086	0
SRP055730	5	157064565	157442583	11	378018	0.03769	0.00014	0.65028	3	3.03312	1	0.45	0.09105	0.84296	0
SRP055730	5	158587863	159282438	10	694575	0.03953	0.00025	0.49255	2	2.00033	0	1	1	1	0
SRP055730	5	159391215	159835712	13	444497	0.03467	0.00016	0.63492	3	3.00012	1	0.34	0.05064	0.72493	0
SRP055730	5	159839118	162413931	27	2574813	0.02406	0.00094	0.44323	2	2	0	1	1	1	0
SRP055730	5	163039911	167658565	23	4618654	0.02606	0.00169	0.43547	2	2	0	1	1	1	0
SRP055730	5	167672755	168108420	15	435665	0.03227	0.00016	0.64458	3	3.00222	1	0.41	0.08378	0.77378	0
SRP055730	5	168149258	170663168	41	2513910	0.01952	0.00092	0.46834	2	2	0	1	1	1	0
SRP055730	5	170685652	172623450	34	1937798	0.02144	0.00071	0.67672	4	3.99999	1	0.64	0.35001	0.9133	0
SRP055730	5	172706431	175595356	36	2888925	0.02083	0.00105	0.50506	2	2.00009	1	0.41	0.12744	0.69068	0
SRP055730	5	175683773	176020885	16	337112	0.03125	0.00012	0.70136	4	4	0	0.82	0.44503	0.98482	0
SRP055730	5	176025426	176376631	10	351205	0.03953	0.00013	0.51757	2	2.29262	1	0.5	0.11173	0.88555	0
SRP055730	5	176389644	176688647	12	299003	0.03608	0.00011	0.84471	5	5	1	0.85	0.43415	0.98737	0
SRP055730	5	176700401	180829062	134	4128661	0.0108	0.00151	0.61367	3	3	0	0.19	0.03049	0.40374	0
SRP055730	6	96114	2767487	28	2671373	0.02362	0.00097	0.35664	1	1	1	0.66	0.34656	0.92963	0
SRP055730	6	2810923	3280884	18	469961	0.02946	0.00017	0.45082	2	2	0	1	1	1	0
SRP055730	6	3927263	5033240	22	1105977	0.02665	4e-04	0.43312	2	2	0	1	1	1	0
SRP055730	6	5141580	6710829	15	1569249	0.03227	0.00057	0.33724	1	1	0	1	1	1	0
SRP055730	6	6880531	7540145	20	659614	0.02795	0.00024	0.50854	2	2.00559	1	0.44	0.11275	0.7651	0
SRP055730	6	7565175	10440148	36	2874973	0.02083	0.00105	0.38884	2	1.99944	1	0.43	0.14107	0.70635	0
SRP055730	6	10494846	10973135	23	478289	0.02606	0.00017	0.56192	3	3	0	1	1	1	0
SRP055730	6	10997694	17453239	72	6455545	0.01473	0.00236	0.38868	2	1.99995	1	0.43	0.18058	0.66448	0
SRP055730	6	17519668	18264277	35	744609	0.02113	0.00027	0.55058	3	3	1	0.74	0.44297	0.96288	0
SRP055730	6	20117343	21783820	13	1666477	0.03467	0.00061	0.41689	2	2	0	1	1	1	0
SRP055730	6	23855104	33631638	252	9776534	0.00787	0.00357	0.43414	2	2	0	1	1	1	0
SRP055730	6	33640396	34091952	11	451556	0.03769	0.00016	0.3253	1	1	0	1	1	1	0
SRP055730	6	34171209	34831008	16	659799	0.03125	0.00024	0.47656	2	2	0	1	1	1	0
SRP055730	6	34841542	35406582	19	565040	0.02868	0.00021	0.36745	1	1.01003	1	0.58	0.23507	0.89665	0
SRP055730	6	35427317	35976378	23	549061	0.02606	2e-04	0.49549	2	2	1	0.34	0.06258	0.66013	0
SRP055730	6	36014229	39932085	105	3917856	0.0122	0.00143	0.36613	1	1	1	0.59	0.35974	0.80842	0
SRP055730	6	41006389	41583755	14	577366	0.03341	0.00021	0.31088	1	1	0	1	1	1	0
SRP055730	6	41623150	43633821	109	2010671	0.01197	0.00073	0.46708	2	2	0	1	1	1	0
SRP055730	6	43691223	73919830	454	30228607	0.00587	0.01103	0.34416	1	1	1	0.75	0.56221	0.91849	0
SRP055730	6	73966184	74350306	18	384122	0.02946	0.00014	0.73201	4	4	0	0.04	0.01628	0.4256	0
SRP055730	6	74397200	76160949	38	1763749	0.02028	0.00064	0.39225	2	1.99996	1	0.4	0.12288	0.67798	0
SRP055730	6	76277486	76620568	16	343082	0.03125	0.00013	0.5146	2	2.10996	1	0.48	0.13075	0.82711	0
SRP055730	6	76637116	84930567	117	8293451	0.01156	0.00303	0.40381	2	2	1	0.32	0.09935	0.53339	0
SRP055730	6	85917880	90435747	107	4517867	0.01208	0.00165	0.4596	2	2	0	1	1	1	0
SRP055730	6	90444353	90623921	21	179568	0.02728	7e-05	0.6069	3	3	0	1	1	1	0
SRP055730	6	90651799	99716442	60	9064643	0.01614	0.00331	0.33982	1	1	0	0.78	0.51902	0.97016	0
SRP055730	6	99794461	110969912	186	11175451	0.00917	0.00408	0.43698	2	2	0	1	1	1	0
SRP055730	6	111458544	116894458	83	5435914	0.01372	0.00198	0.3932	2	2	1	0.39	0.15567	0.62483	0
SRP055730	6	116924017	117050064	10	126047	0.03953	5e-05	0.49773	2	2.00143	0	0.36	0.04968	0.7703	0
SRP055730	6	117083216	119697480	61	2614264	0.016	0.00095	0.39613	2	2	1	0.37	0.12234	0.6198	0
SRP055730	6	121378971	139154238	313	17775267	0.00707	0.00649	0.40961	2	2	1	0.28	0.08797	0.45975	0
SRP055730	6	139226743	139815514	12	588771	0.03608	0.00021	0.4652	2	2	0	1	1	1	0
SRP055730	6	142210812	149724714	129	7513902	0.01101	0.00274	0.39495	2	2	1	0.38	0.16157	0.59308	0
SRP055730	6	149848965	150139219	17	290254	0.03032	0.00011	0.67987	4	3.99979	1	0.67	0.30852	0.95071	0
SRP055730	6	150179279	150912238	15	732959	0.03227	0.00027	0.41863	2	2	0	1	1	1	0
SRP055730	6	151085902	151876796	27	790894	0.02406	0.00029	0.57059	3	3	0	1	1	1	0
SRP055730	6	151915464	163987180	252	12071716	0.00787	0.0044	0.41585	2	2	1	0.23	0.05197	0.42114	0
SRP055730	6	165690902	171002032	95	5311130	0.01282	0.00194	0.38522	2	1.9993	1	0.45	0.21814	0.67592	0
SRP055730	7	688821	1814719	24	1125898	0.02552	0.00041	0.40735	2	2	0	0.29	0.0449	0.6091	0
SRP055730	7	2279450	3163709	22	884259	0.02665	0.00032	0.44446	2	2	0	1	1	1	0
SRP055730	7	4121964	4900336	12	778372	0.03608	0.00028	0.40205	2	1.99974	0	0.33	0.04559	0.72243	0
SRP055730	7	4902939	6869240	93	1966301	0.01296	0.00072	0.55319	3	3	1	0.76	0.52067	0.95472	0
SRP055730	7	6890575	8355409	33	1464834	0.02176	0.00053	0.34251	1	1	0	0.76	0.45898	0.97048	0
SRP055730	7	10528340	23297033	208	12768693	0.00867	0.00466	0.3338	1	1	0	0.82	0.61545	0.9752	0
SRP055730	7	23306659	23816228	20	509569	0.02795	0.00019	0.46769	2	2	0	1	1	1	0
SRP055730	7	23824729	32390599	132	8565870	0.01088	0.00313	0.32312	1	1	0	1	1	1	0
SRP055730	7	32519950	33137531	21	617581	0.02728	0.00023	0.43704	2	2	0	1	1	1	0
SRP055730	7	33178656	39556844	104	6378188	0.01226	0.00233	0.32073	1	1	0	1	1	1	0
SRP055730	7	39610852	40274178	16	663326	0.03125	0.00024	0.44911	2	2	0	1	1	1	0
SRP055730	7	40401453	43676219	32	3274766	0.0221	0.00119	0.31099	1	1	0	1	1	1	0
SRP055730	7	43755735	44097428	16	341693	0.03125	0.00012	0.47314	2	2	0	1	1	1	0
SRP055730	7	44125710	44476760	10	351050	0.03953	0.00013	0.33871	1	1.00002	0	1	1	1	0
SRP055730	7	44531608	44881945	15	350337	0.03227	0.00013	0.51017	2	2.02263	1	0.45	0.10363	0.80452	0
SRP055730	7	44964479	55731136	148	10766657	0.01027	0.00393	0.32227	1	1	0	1	1	1	0
SRP055730	7	55856882	56172249	18	315367	0.02946	0.00012	0.61755	3	3	0	0.22	0.02784	0.57037	0
SRP055730	7	56216021	61895543	42	5679522	0.01929	0.00207	0.38981	2	1.99985	1	0.42	0.14374	0.68842	0
SRP055730	7	62009541	67373030	121	5363489	0.01136	0.00196	0.5597	3	3	0	0.8	0.57789	0.97237	0
SRP055730	7	70233995	71742548	11	1508553	0.03769	0.00055	0.41924	2	2	0	1	1	1	0
SRP055730	7	71962747	76688134	225	4725387	0.00833	0.00172	0.54781	3	3	1	0.72	0.51519	0.90655	0
SRP055730	7	76706344	84739323	124	8032979	0.01123	0.00293	0.34109	1	1	1	0.77	0.54572	0.95695	0
SRP055730	7	84958268	92207435	148	7249167	0.01027	0.00265	0.24768	1	0.99999	1	0.44	0.22525	0.64726	0
SRP055730	7	92731262	92772121	11	40859	0.03769	1e-05	0.28774	1	1	0	1	1	1	0
SRP055730	7	92803259	97424085	82	4620826	0.0138	0.00169	0.21346	0	0	1	0.69	0.44626	0.91034	1
SRP055730	7	97485074	99824731	116	2339657	0.01161	0.00085	0.29743	1	1	0	1	1	1	0
SRP055730	7	99868542	103855107	212	3986565	0.00859	0.00145	0.37153	1	1.00035	1	0.55	0.34622	0.74451	0
SRP055730	7	104010194	104894326	18	884132	0.02946	0.00032	0.24544	1	0.99493	1	0.46	0.12253	0.79625	0
SRP055730	7	105020247	105214591	10	194344	0.03953	7e-05	0.36776	1	1.07117	1	0.58	0.16717	0.9297	0
SRP055730	7	105238849	108209990	94	2971141	0.01289	0.00108	0.25082	1	1	1	0.42	0.18467	0.64311	0
SRP055730	7	110708497	117877337	106	7168840	0.01214	0.00262	0.22007	0	0	1	0.64	0.41074	0.85766	1
SRP055730	7	120416141	127921476	114	7505335	0.01171	0.00274	0.23168	0	0.00343	1	0.56	0.33032	0.7723	1
SRP055730	7	128074654	128341137	11	266483	0.03769	1e-04	0.45686	2	2	0	1	1	1	0
SRP055730	7	128596536	129429518	23	832982	0.02606	3e-04	0.36222	1	1.00033	1	0.62	0.28983	0.91253	0
SRP055730	7	129514926	129881436	13	366510	0.03467	0.00013	0.49656	2	2.00026	0	0.35	0.05205	0.72929	0
SRP055730	7	129911733	139889069	194	9977336	0.00897	0.00364	0.36896	1	1.00002	1	0.57	0.362	0.7657	0
SRP055730	7	139996063	140293612	10	297549	0.03953	0.00011	0.55885	3	2.99998	0	1	1	1	0
SRP055730	7	140340317	140652365	10	312048	0.03953	0.00011	0.44103	2	2	0	1	1	1	0
SRP055730	7	140783757	148576096	220	7792339	0.00843	0.00284	0.34689	1	1	1	0.73	0.52443	0.91583	0
SRP055730	7	148662679	148898792	10	236113	0.03953	9e-05	0.56536	3	3	0	1	1	1	0
SRP055730	7	149299472	152003182	97	2703710	0.01269	0.00099	0.54376	3	3	1	0.69	0.4553	0.90564	0
SRP055730	7	152485409	159045173	95	6559764	0.01282	0.00239	0.52509	3	2.99881	1	0.55	0.32041	0.7781	0
SRP055730	8	63375	3263768	51	3200393	0.0175	0.00117	0.49632	2	2	1	0.35	0.09336	0.60465	0
SRP055730	8	3351505	5974772	12	2623267	0.03608	0.00096	0.26951	1	1	0	0.28	0.0358	0.67941	0
SRP055730	8	6216139	15922742	241	9706603	0.00805	0.00354	0.35236	1	1	1	0.69	0.48786	0.87736	0
SRP055730	8	16012143	22044667	114	6032524	0.01171	0.0022	0.53316	3	3	1	0.61	0.38615	0.82792	0
SRP055730	8	22056279	22377705	13	321426	0.03467	0.00012	0.7667	4	4.00001	1	0.29	0.03791	0.67646	0
SRP055730	8	22391549	22869676	13	478127	0.03467	0.00017	0.5397	3	2.99896	1	0.66	0.2699	0.95423	0
SRP055730	8	22880390	23214600	11	334210	0.03769	0.00012	0.70078	4	3.99999	0	0.82	0.3916	0.98463	0
SRP055730	8	23268901	29835979	141	6567078	0.01053	0.0024	0.55273	3	3	1	0.75	0.53475	0.94503	0
SRP055730	8	29905222	30673046	19	767824	0.02868	0.00028	0.78341	4	4.00118	1	0.41	0.09424	0.74798	0
SRP055730	8	30694749	31077876	22	383127	0.02665	0.00014	0.59211	3	3	0	1	1	1	0
SRP055730	8	31225044	33178345	11	1953301	0.03769	0.00071	0.47173	2	2	0	1	1	1	0
SRP055730	8	33754622	37446493	30	3691871	0.02282	0.00135	0.48221	2	2	0	0.25	0.03473	0.54467	0
SRP055730	8	37724890	38081384	13	356494	0.03467	0.00013	0.86522	5	5	0	0.02	0.0158	0.43824	0
SRP055730	8	38099199	38861001	30	761802	0.02282	0.00028	0.68252	4	4	1	0.69	0.3811	0.94384	0
SRP055730	8	38874259	39698212	28	823953	0.02362	3e-04	0.55307	3	3	0	0.76	0.44178	0.97124	0
SRP055730	8	39986601	42024582	29	2037981	0.02321	0.00074	0.56235	3	3	0	1	1	1	0
SRP055730	8	42033205	45336107	49	3302902	0.01786	0.00121	0.71249	4	4	0	0.9	0.6186	1	0
SRP055730	8	47944046	49043946	44	1099900	0.01884	4e-04	0.4461	2	2	0	1	1	1	0
SRP055730	8	49240993	54642206	46	5401213	0.01843	0.00197	0.30944	1	1	0	1	1	1	0
SRP055730	8	54705768	55100208	11	394440	0.03769	0.00014	0.48452	2	2.00002	0	1	1	1	0
SRP055730	8	55271298	56505566	14	1234268	0.03341	0.00045	0.33133	1	1	0	1	1	1	0
SRP055730	8	56621863	57000322	12	378459	0.03608	0.00014	0.47452	2	2	0	1	1	1	0
SRP055730	8	59333942	59541831	15	207889	0.03227	8e-05	0.35661	1	1.00032	1	0.66	0.28493	0.95	0
SRP055730	8	61133059	64362091	51	3229032	0.0175	0.00118	0.3188	1	1	0	1	1	1	0
SRP055730	8	66454575	68080796	49	1626221	0.01786	0.00059	0.43105	2	2	0	1	1	1	0
SRP055730	8	68092683	70705598	47	2612915	0.01823	0.00095	0.33998	1	1	0	0.78	0.50237	0.97228	0
SRP055730	8	71006983	71619987	17	613004	0.03032	0.00022	0.3964	2	1.9997	1	0.37	0.06734	0.71978	0
SRP055730	8	71791555	73147663	18	1356108	0.02946	0.00049	0.28504	1	1	0	1	1	1	0
SRP055730	8	73849170	74655984	14	806814	0.03341	0.00029	0.55185	3	2.99999	0	0.75	0.36052	0.97509	0
SRP055730	8	75245206	80978973	51	5733767	0.0175	0.00209	0.31807	1	1	0	1	1	1	0
SRP055730	8	81658229	85881602	34	4223373	0.02144	0.00154	0.32931	1	1	0	1	1	1	0
SRP055730	8	85995166	87578309	57	1583143	0.01656	0.00058	0.41258	2	2	0	0.26	0.04392	0.5072	0
SRP055730	8	87606007	94494988	68	6888981	0.01516	0.00251	0.29791	1	1	0	1	1	1	0
SRP055730	8	94685512	96114954	63	1429442	0.01575	0.00052	0.39506	2	2	1	0.38	0.13074	0.62582	0
SRP055730	8	98654509	132008153	480	33353644	0.00571	0.01217	0.38962	2	2	1	0.42	0.23637	0.59408	0
SRP055730	8	132249840	141333914	96	9084074	0.01276	0.00331	0.30232	1	1	0	1	1	1	0
SRP055730	8	141403352	142226540	21	823188	0.02728	3e-04	0.38476	2	1.97267	1	0.46	0.13128	0.77966	0
SRP055730	8	143705059	146250025	75	2544966	0.01443	0.00093	0.63721	3	3	1	0.36	0.12028	0.59623	0
SRP055730	9	13058	6273383	128	6260325	0.01105	0.00228	0.51639	2	2.10385	1	0.49	0.27038	0.70317	0
SRP055730	9	6936147	13237292	53	6301145	0.01717	0.0023	0.43822	2	2	0	1	1	1	0
SRP055730	9	13413353	14707814	13	1294461	0.03467	0.00047	0.19209	0	0	1	0.84	0.43481	0.98652	1
SRP055730	9	14742065	15238924	24	496859	0.02552	0.00018	0.25743	1	1	1	0.37	0.0795	0.68542	0
SRP055730	9	15314762	15641004	12	326242	0.03608	0.00012	0.66073	3	3.48323	1	0.53	0.14717	0.89203	0
SRP055730	9	15701234	18934987	38	3233753	0.02028	0.00118	0.48124	2	2	0	0.24	0.03486	0.51903	0
SRP055730	9	19301805	19481320	13	179515	0.03467	7e-05	0.68726	4	3.99991	1	0.72	0.32714	0.97065	0
SRP055730	9	19546500	21588718	44	2042218	0.01884	0.00075	0.47646	2	2	0	1	1	1	0
SRP055730	9	21755623	25273979	19	3518356	0.02868	0.00128	1.39092	9	9	1	0.78	0.42901	0.97936	0
SRP055730	9	26863541	27165524	14	301983	0.03341	0.00011	0.35188	1	1.00009	0	0.69	0.3092	0.96275	0
SRP055730	9	27179337	32383618	40	5204281	0.01976	0.0019	0.23911	1	0.9139	1	0.5	0.22075	0.77535	0
SRP055730	9	32420699	33934389	66	1513690	0.01539	0.00055	0.34643	1	1	1	0.73	0.47809	0.94742	0
SRP055730	9	34231362	73315274	526	39083912	0.00545	0.01426	0.35751	1	1	1	0.65	0.46935	0.8232	0
SRP055730	9	74224157	75179370	19	955213	0.02868	0.00035	0.41967	2	2	0	1	1	1	0
SRP055730	9	75312977	77184994	18	1872017	0.02946	0.00068	0.2995	1	1	0	1	1	1	0
SRP055730	9	77269013	77753525	20	484512	0.02795	0.00018	0.4042	2	2	0	0.32	0.04934	0.64874	0
SRP055730	9	78877760	80969394	62	2091634	0.01588	0.00076	0.39416	2	2	1	0.39	0.13574	0.63317	0
SRP055730	9	84164880	110536000	554	26371120	0.00531	0.00962	0.31224	1	1	0	1	1	1	0
SRP055730	9	111627312	127399200	358	15771888	0.00661	0.00575	0.3111	1	1	0	1	1	1	0
SRP055730	9	127523736	127924731	15	400995	0.03227	0.00015	0.41004	2	2	0	1	1	1	0
SRP055730	9	128090675	141096215	384	13005540	0.00638	0.00475	0.3438	1	1	1	0.75	0.56121	0.92367	0
SRP055730	23	181166	1790937	15	1609771	0.03227	0.00059	0.97897	6	6	1	0.82	0.43438	0.98457	0
SRP055730	23	2010104	2994397	16	984293	0.03125	0.00036	0.78043	4	4.00066	1	0.39	0.07453	0.74519	0
SRP055730	23	3015392	3353388	10	337996	0.03953	0.00012	0.55757	3	2.99997	0	1	1	1	0
SRP055730	23	4083411	15684924	164	11601513	0.00976	0.00423	0.48647	2	2	1	0.28	0.07475	0.47908	0
SRP055730	23	17078831	18020949	18	942118	0.02946	0.00034	0.4457	2	2	0	1	1	1	0
SRP055730	23	18183179	18700240	20	517061	0.02795	0.00019	0.60573	3	3	0	1	1	1	0
SRP055730	23	18898810	23609260	97	4710450	0.01269	0.00172	0.56313	3	3	0	0.83	0.59162	0.98081	0
SRP055730	23	23697385	24143046	20	445661	0.02795	0.00016	0.84507	5	5	1	0.86	0.50013	0.98776	0
SRP055730	23	24196549	24764722	21	568173	0.02728	0.00021	0.61567	3	3	0	0.21	0.02647	0.5415	0
SRP055730	23	24786992	30455447	37	5668455	0.02055	0.00207	0.48114	2	2	0	0.24	0.03448	0.52033	0
SRP055730	23	30868883	39981201	102	9112318	0.01238	0.00332	0.49542	2	2	1	0.34	0.11431	0.56176	0
SRP055730	23	40127578	41616840	44	1489262	0.01884	0.00054	0.66119	4	3.88398	1	0.53	0.25705	0.79886	0
SRP055730	23	41764949	44114268	19	2349319	0.02868	0.00086	0.47736	2	2	0	1	1	1	0
SRP055730	23	44863625	48831387	120	3967762	0.01141	0.00145	0.68327	4	4	1	0.69	0.46802	0.90153	0
SRP055730	23	49152262	53380990	174	4228728	0.00948	0.00154	0.56001	3	3	0	0.81	0.59377	0.97008	0
SRP055730	23	53573195	53909568	15	336373	0.03227	0.00012	0.51883	2	2.40368	1	0.51	0.14988	0.85891	0
SRP055730	23	53990107	54639795	19	649688	0.02868	0.00024	0.80215	5	4.8681	1	0.55	0.2043	0.87148	0
SRP055730	23	54741065	67421857	111	12680792	0.01186	0.00463	0.57916	3	3	0	1	1	1	0
SRP055730	23	67842262	69939730	39	2097468	0.02002	0.00077	0.71531	4	4	0	0.92	0.61827	1	0
SRP055730	23	70382478	70713563	18	331085	0.02946	0.00012	1.08248	7	6.95329	1	0.56	0.21472	0.88824	0
SRP055730	23	70752796	76962276	134	6209480	0.0108	0.00227	0.7001	4	4	1	0.81	0.59162	0.97508	0
SRP055730	23	77225854	91902496	135	14676642	0.01076	0.00536	0.65177	3	3.00116	1	0.47	0.24609	0.67498	0
SRP055730	23	92095768	100082712	56	7986944	0.0167	0.00291	0.43084	2	2	0	1	1	1	0
SRP055730	23	100094088	100830656	53	736568	0.01717	0.00027	0.59664	3	3	0	1	1	1	0
SRP055730	23	100861707	101716588	39	854881	0.02002	0.00031	0.44567	2	2	0	1	1	1	0
SRP055730	23	101718148	103004439	41	1286291	0.01952	0.00047	0.65649	3	3.18287	1	0.5	0.21901	0.7701	0
SRP055730	23	103284763	105477799	36	2193036	0.02083	8e-04	0.62327	3	3	1	0.26	0.04034	0.54387	0
SRP055730	23	105569114	106798719	44	1229605	0.01884	0.00045	0.45481	2	2	0	1	1	1	0
SRP055730	23	106943112	114751765	147	7808653	0.01031	0.00285	0.45813	2	2	0	1	1	1	0
SRP055730	23	114854379	115268675	10	414296	0.03953	0.00015	0.85651	5	5	1	0.94	0.47454	1	0
SRP055730	23	117249074	118452249	50	1203175	0.01768	0.00044	0.79352	4	4.05842	1	0.49	0.21749	0.74323	0
SRP055730	23	118526965	119126630	26	599665	0.02451	0.00022	1.13685	7	7	1	0.95	0.60754	1	0
SRP055730	23	119196294	119570275	16	373981	0.03125	0.00014	0.6944	4	4	1	0.77	0.40015	0.97853	0
SRP055730	23	119577850	119931143	14	353293	0.03341	0.00013	0.95128	6	5.9927	1	0.62	0.24157	0.93608	0
SRP055730	23	120005514	122758800	44	2753286	0.01884	0.001	0.66556	4	3.99508	1	0.56	0.28837	0.82932	0
SRP055730	23	123106306	128887503	66	5781197	0.01539	0.00211	0.72887	4	4	0	1	1	1	0
SRP055730	23	128895461	129699897	40	804436	0.01976	0.00029	0.92764	5	5.00193	1	0.45	0.16964	0.72275	0
SRP055730	23	129766568	133302569	54	3536001	0.01701	0.00129	0.66986	4	3.99993	1	0.6	0.33215	0.84708	0
SRP055730	23	133341597	134131381	23	789784	0.02606	0.00029	0.93851	6	5.68508	1	0.53	0.20309	0.84037	0
SRP055730	23	134193271	135868374	105	1675103	0.0122	0.00061	0.70507	4	4	0	0.85	0.61489	0.98494	0
SRP055730	23	136090193	142600978	76	6510785	0.01434	0.00238	0.68115	4	4	1	0.68	0.43201	0.90453	0
SRP055730	23	144683917	149947276	75	5263359	0.01443	0.00192	0.4589	2	2	0	1	1	1	0
SRP055730	23	150318749	152853500	68	2534751	0.01516	0.00092	0.46608	2	2	0	1	1	1	0
SRP055730	23	152888173	155253776	123	2365603	0.01127	0.00086	0.58961	3	3	0	1	1	1	0
SRP055730	24	131354	3026891	21	2895537	0.02728	0.00106	0.92181	5	5.00052	1	0.41	0.0964	0.73396	0
SRP055730	24	4206921	59356909	33	55149988	0.02176	0.02012	0.56161	3	3	0	1	1	1	0
